rust 0.7771078 929.0 535.0 977.0 599.0
rust 0.74159014 776.0 487.0 827.0 547.0
rust 0.72467506 870.0 1051.0 945.0 1099.0
rust 0.62360007 1151.0 819.0 1227.0 896.0
rust 0.5245390999999999 1230.0 1095.0 1309.0 1146.0
rust 0.16145006 23.0 1257.0 89.0 1314.0
scab 0.10712618 1903.0 97.0 1929.0 137.0
scab 0.075255655 1877.0 49.0 1900.0 88.0
scab 0.05478168 1615.0 679.0 1646.0 716.0
rust 0.051338203 68.0 1152.0 121.0 1218.0
scab 0.04568695 1840.0 63.0 1867.0 99.0
scab 0.03823688 1789.0 49.0 1816.0 84.0
rust 0.036541857 919.0 516.0 995.0 627.0
rust 0.023719477000000003 1233.0 1101.0 1278.0 1140.0
scab 0.016979387 1311.0 974.0 1350.0 1009.0
scab 0.016289996 1578.0 636.0 1631.0 697.0
scab 0.014832647 1418.0 1078.0 1453.0 1109.0
rust 0.014068951 759.0 467.0 840.0 580.0
scab 0.014056424 1389.0 1002.0 1416.0 1036.0
scab 0.013127589 1640.0 616.0 1712.0 680.0
scab 0.013086522 636.0 924.0 673.0 961.0
