rust 0.9295508 605.0 792.0 667.0 847.0
rust 0.92085505 1509.0 756.0 1586.0 817.0
rust 0.91892093 1613.0 766.0 1691.0 818.0
rust 0.8561889000000001 1399.0 528.0 1449.0 572.0
rust 0.85255766 1103.0 544.0 1150.0 598.0
rust 0.8050357 1105.0 823.0 1177.0 870.0
rust 0.7989746 1683.0 686.0 1761.0 792.0
rust 0.7102078000000001 812.0 943.0 856.0 989.0
rust 0.6841331 820.0 881.0 856.0 919.0
rust 0.66595995 1094.0 691.0 1144.0 741.0
rust 0.6493591 1327.0 478.0 1400.0 552.0
rust 0.64461726 1543.0 817.0 1603.0 861.0
rust 0.6366206 1314.0 765.0 1381.0 841.0
rust 0.5758138 987.0 782.0 1096.0 844.0
rust 0.57542676 749.0 831.0 799.0 880.0
scab 0.5728147 1618.0 674.0 1647.0 708.0
rust 0.5624838000000001 861.0 846.0 964.0 919.0
rust 0.55625075 1273.0 437.0 1314.0 472.0
rust 0.51199406 1256.0 308.0 1282.0 350.0
rust 0.49383727 1369.0 887.0 1417.0 921.0
scab 0.49283588 722.0 740.0 749.0 782.0
rust 0.4927231 1095.0 69.0 1141.0 120.0
rust 0.47257084 1567.0 263.0 1610.0 315.0
rust 0.4537435 1093.0 877.0 1157.0 920.0
rust 0.4326638 1283.0 838.0 1344.0 882.0
rust 0.4293124 540.0 855.0 603.0 899.0
rust 0.42658108 1188.0 830.0 1224.0 861.0
rust 0.39608124 1204.0 138.0 1250.0 197.0
scab 0.3311985 1286.0 306.0 1311.0 348.0
rust 0.32004082 53.0 1209.0 108.0 1278.0
rust 0.2874432 1608.0 254.0 1656.0 307.0
rust 0.28140342 1215.0 42.0 1286.0 101.0
rust 0.26896632 1181.0 158.0 1205.0 192.0
rust 0.24509868 973.0 849.0 1020.0 880.0
rust 0.2363861 1198.0 315.0 1224.0 351.0
scab 0.22763617 919.0 747.0 943.0 777.0
rust 0.17007032 1265.0 820.0 1309.0 851.0
scab 0.16616546 946.0 550.0 965.0 579.0
scab 0.16242284 1010.0 597.0 1034.0 630.0
rust 0.15395415 19.0 7.0 87.0 68.0
rust 0.15258922 1341.0 2.0 1379.0 37.0
scab 0.10197979 1166.0 253.0 1195.0 286.0
scab 0.09365672 910.0 486.0 932.0 516.0
scab 0.09301681 1461.0 252.0 1491.0 293.0
rust 0.086750574 1300.0 125.0 1353.0 182.0
scab 0.07946032 1066.0 199.0 1101.0 238.0
scab 0.07370622 1185.0 833.0 1234.0 892.0
scab 0.07001786 1131.0 290.0 1154.0 320.0
scab 0.06905826 462.0 214.0 511.0 266.0
scab 0.065637454 1443.0 635.0 1472.0 668.0
scab 0.064674884 864.0 908.0 900.0 944.0
scab 0.05915249 1378.0 30.0 1409.0 65.0
scab 0.052630328 65.0 1284.0 131.0 1345.0
rust 0.048480287 1045.0 7.0 1113.0 55.0
scab 0.048421644000000014 725.0 113.0 786.0 163.0
scab 0.044915184 1203.0 869.0 1238.0 897.0
scab 0.043863393 1154.0 192.0 1180.0 227.0
scab 0.040133465 1048.0 870.0 1074.0 899.0
scab 0.039196193 1229.0 329.0 1251.0 361.0
scab 0.03514236 430.0 762.0 451.0 790.0
rust 0.034794644 1049.0 784.0 1096.0 832.0
scab 0.031401303 886.0 531.0 903.0 559.0
rust 0.028860036 1064.0 12.0 1101.0 50.0
rust 0.027987724 1213.0 319.0 1241.0 352.0
scab 0.02695839 1216.0 651.0 1275.0 729.0
scab 0.026681168 1190.0 843.0 1226.0 879.0
scab 0.025984172000000003 866.0 809.0 891.0 845.0
rust 0.02459635 2007.0 636.0 2048.0 694.0
rust 0.024586735 1059.0 274.0 1106.0 332.0
scab 0.02052265 1281.0 8.0 1312.0 43.0
scab 0.019962255 1235.0 320.0 1257.0 356.0
scab 0.016580647 1367.0 715.0 1390.0 747.0
scab 0.0142215155 328.0 330.0 372.0 362.0
scab 0.012995157 858.0 913.0 884.0 944.0
scab 0.012341987 1301.0 200.0 1373.0 256.0
scab 0.012314739 960.0 850.0 1025.0 906.0
scab 0.011798312 1539.0 664.0 1558.0 692.0
scab 0.0117245 1608.0 599.0 1628.0 630.0
rust 0.010626972 1981.0 266.0 2024.0 319.0
rust 0.010215503 859.0 874.0 907.0 937.0
