scab 0.30343172 950.0 275.0 1030.0 437.0
scab 0.27330115 1337.0 707.0 1437.0 869.0
scab 0.26847175 1142.0 943.0 1289.0 1053.0
scab 0.2341748 1235.0 802.0 1312.0 888.0
scab 0.2242831 770.0 990.0 899.0 1103.0
scab 0.20240852 1040.0 460.0 1116.0 541.0
scab 0.17239939 682.0 718.0 758.0 791.0
scab 0.15680164 1471.0 721.0 1572.0 871.0
scab 0.138184 1028.0 728.0 1152.0 838.0
scab 0.13140714 670.0 893.0 809.0 1006.0
scab 0.12594202 558.0 896.0 657.0 1034.0
scab 0.117289945 806.0 291.0 887.0 368.0
scab 0.11086993 1052.0 605.0 1146.0 686.0
scab 0.10872855 923.0 608.0 1010.0 719.0
scab 0.09541262 1407.0 669.0 1481.0 751.0
scab 0.08928657 735.0 900.0 816.0 987.0
scab 0.07942388 1007.0 906.0 1100.0 1031.0
scab 0.074210055 1339.0 678.0 1415.0 761.0
scab 0.06846114 513.0 762.0 621.0 842.0
scab 0.066974774 1243.0 651.0 1333.0 774.0
scab 0.06448498 1354.0 493.0 1505.0 654.0
scab 0.060540766 743.0 766.0 820.0 840.0
scab 0.053549003 1334.0 761.0 1418.0 844.0
scab 0.051738266 1416.0 541.0 1519.0 688.0
scab 0.0446444 1299.0 847.0 1374.0 924.0
scab 0.04147864 839.0 989.0 983.0 1105.0
scab 0.041415554 1103.0 512.0 1184.0 628.0
scab 0.039236464 1146.0 631.0 1225.0 713.0
scab 0.036748353 487.0 785.0 562.0 848.0
scab 0.035906885 1040.0 603.0 1219.0 706.0
scab 0.035895206 427.0 791.0 476.0 860.0
scab 0.03555638 373.0 781.0 515.0 892.0
scab 0.035426274 1116.0 818.0 1212.0 897.0
scab 0.033685777 1336.0 463.0 1435.0 606.0
scab 0.032981474 1201.0 951.0 1288.0 1031.0
scab 0.03282321 333.0 732.0 420.0 817.0
scab 0.032426275 1204.0 343.0 1301.0 477.0
scab 0.030404449 1231.0 783.0 1361.0 900.0
scab 0.029745001 737.0 771.0 786.0 830.0
scab 0.029347602 504.0 419.0 586.0 488.0
scab 0.028215375 981.0 534.0 1047.0 600.0
scab 0.02674416 1327.0 622.0 1378.0 682.0
scab 0.02625944 1040.0 724.0 1122.0 803.0
scab 0.025557227 940.0 1056.0 989.0 1110.0
scab 0.024196282000000003 566.0 760.0 649.0 837.0
scab 0.02259723 850.0 589.0 918.0 663.0
scab 0.022466956 585.0 299.0 638.0 366.0
scab 0.022278639 1264.0 660.0 1350.0 737.0
scab 0.021348251 1025.0 928.0 1084.0 1015.0
scab 0.021066252 1469.0 600.0 1561.0 726.0
scab 0.018761037 957.0 347.0 1019.0 435.0
scab 0.01856958 469.0 446.0 520.0 521.0
scab 0.017920818 1249.0 428.0 1345.0 556.0
scab 0.01724243 688.0 378.0 746.0 455.0
scab 0.01647373 776.0 783.0 829.0 858.0
scab 0.016127635 1232.0 654.0 1311.0 733.0
scab 0.015914626 485.0 873.0 561.0 941.0
scab 0.015664067 593.0 836.0 667.0 902.0
scab 0.015526976 555.0 909.0 632.0 990.0
scab 0.014930819 1406.0 831.0 1479.0 899.0
scab 0.014741046 372.0 429.0 468.0 568.0
scab 0.014385927 674.0 725.0 818.0 846.0
scab 0.014261942 258.0 636.0 394.0 758.0
scab 0.013676767 1234.0 717.0 1309.0 796.0
scab 0.013562615 1416.0 735.0 1504.0 815.0
scab 0.013380971 455.0 838.0 505.0 894.0
scab 0.013307717 1306.0 459.0 1395.0 595.0
scab 0.0131245805 936.0 217.0 1070.0 433.0
scab 0.012732152 861.0 570.0 950.0 651.0
scab 0.012374598 1354.0 659.0 1494.0 762.0
scab 0.0119494395 1384.0 676.0 1478.0 815.0
scab 0.011832541 546.0 509.0 628.0 633.0
scab 0.011718495 1263.0 440.0 1319.0 521.0
scab 0.011717909 796.0 266.0 940.0 377.0
scab 0.011659745 1427.0 714.0 1519.0 855.0
scab 0.011009023 691.0 696.0 782.0 810.0
scab 0.010780854 293.0 681.0 425.0 805.0
scab 0.0106646735 464.0 757.0 496.0 796.0
scab 0.0104439035 579.0 259.0 663.0 386.0
scab 0.010214698 383.0 488.0 457.0 565.0
scab 0.010214023 1019.0 1014.0 1103.0 1093.0
scab 0.010205938 867.0 1012.0 949.0 1096.0
