scab 0.92811996 1068.0 538.0 1211.0 690.0
scab 0.8476396 1037.0 935.0 1166.0 1058.0
scab 0.81057435 938.0 766.0 1057.0 879.0
scab 0.7712293 777.0 588.0 898.0 705.0
scab 0.5864828000000001 1241.0 736.0 1365.0 857.0
scab 0.56381613 1210.0 905.0 1295.0 985.0
scab 0.14497535 1316.0 834.0 1365.0 900.0
scab 0.10297597 641.0 841.0 752.0 1001.0
scab 0.09574569 1377.0 689.0 1461.0 748.0
scab 0.052184172 666.0 722.0 749.0 839.0
scab 0.030173745 0.0 1149.0 73.0 1260.0
scab 0.020378795 84.0 1206.0 160.0 1293.0
scab 0.017535498 687.0 883.0 797.0 1042.0
scab 0.017363213 669.0 703.0 802.0 814.0
scab 0.015769266 622.0 813.0 722.0 958.0
scab 0.013142356 1286.0 739.0 1371.0 823.0
scab 0.012315371 359.0 1120.0 386.0 1159.0
scab 0.01095845 1254.0 743.0 1336.0 825.0
scab 0.010776705 1663.0 722.0 1740.0 797.0
scab 0.010749007 27.0 1165.0 79.0 1240.0
