scab 0.79215425 1152.0 754.0 1222.0 817.0
scab 0.58762944 830.0 703.0 856.0 733.0
scab 0.5246993000000001 670.0 824.0 771.0 1028.0
scab 0.51028514 765.0 751.0 797.0 791.0
scab 0.28061384 1198.0 706.0 1245.0 758.0
rust 0.23064189 862.0 551.0 881.0 580.0
scab 0.21801947 1110.0 806.0 1165.0 886.0
scab 0.17241809 28.0 662.0 83.0 732.0
scab 0.16772908 770.0 840.0 799.0 875.0
rust 0.16733809 754.0 706.0 786.0 740.0
scab 0.1453801 729.0 728.0 754.0 760.0
scab 0.11330788 782.0 797.0 809.0 830.0
rust 0.10933413 648.0 946.0 695.0 1004.0
scab 0.093848445 1070.0 844.0 1098.0 889.0
scab 0.087340266 1088.0 783.0 1177.0 898.0
scab 0.08300551 905.0 956.0 926.0 983.0
scab 0.07628265 1087.0 883.0 1114.0 919.0
scab 0.068651676 921.0 996.0 989.0 1061.0
scab 0.06626605 1079.0 827.0 1162.0 893.0
rust 0.061600644 1822.0 658.0 1903.0 721.0
scab 0.05318111 1265.0 756.0 1302.0 794.0
scab 0.052174024000000006 1163.0 645.0 1204.0 707.0
scab 0.05131242 986.0 425.0 1007.0 462.0
scab 0.051254187 782.0 642.0 808.0 673.0
scab 0.046620525 1122.0 844.0 1158.0 883.0
rust 0.037691534 1047.0 1017.0 1071.0 1051.0
scab 0.035384078 871.0 980.0 904.0 1018.0
scab 0.023879986 1541.0 715.0 1592.0 762.0
scab 0.023636796 1376.0 524.0 1427.0 574.0
scab 0.021929072 1334.0 828.0 1369.0 865.0
scab 0.018205674 1069.0 861.0 1092.0 896.0
scab 0.017655268000000002 1192.0 840.0 1220.0 874.0
rust 0.017214673 1140.0 900.0 1193.0 965.0
scab 0.015708921 124.0 617.0 147.0 652.0
scab 0.015009496 983.0 524.0 1034.0 599.0
scab 0.014632092 1241.0 724.0 1266.0 757.0
scab 0.01378803 77.0 574.0 105.0 607.0
scab 0.012787763 772.0 889.0 797.0 923.0
scab 0.012004782 958.0 515.0 1037.0 632.0
scab 0.0118194735 1206.0 351.0 1287.0 429.0
scab 0.010937709 1115.0 762.0 1208.0 892.0
