rust 0.890285 1048.0 703.0 1117.0 776.0
rust 0.7980305999999999 440.0 575.0 491.0 647.0
rust 0.71073395 1529.0 516.0 1604.0 601.0
rust 0.56317043 996.0 945.0 1059.0 1012.0
rust 0.30929542 1362.0 411.0 1406.0 464.0
rust 0.19997491 0.0 1182.0 48.0 1265.0
rust 0.099028364 1178.0 812.0 1201.0 861.0
scab 0.031261437 1358.0 465.0 1390.0 505.0
scab 0.024795588 1305.0 712.0 1471.0 851.0
rust 0.01744345 457.0 612.0 491.0 648.0
rust 0.01259925 551.0 908.0 573.0 938.0
scab 0.01256089 1234.0 831.0 1349.0 1012.0
scab 0.012219432 1168.0 842.0 1189.0 879.0
scab 0.011152509 518.0 467.0 566.0 533.0
