rust 0.93665653 719.0 766.0 761.0 828.0
rust 0.9185243 1497.0 400.0 1542.0 476.0
rust 0.9135007 1434.0 554.0 1475.0 617.0
rust 0.8615635 949.0 537.0 987.0 595.0
rust 0.76629144 840.0 590.0 890.0 653.0
rust 0.75398415 581.0 554.0 626.0 603.0
rust 0.6612063 747.0 513.0 781.0 558.0
rust 0.64235944 740.0 433.0 772.0 474.0
rust 0.5118532 1213.0 482.0 1255.0 520.0
rust 0.38226777 1574.0 335.0 1616.0 384.0
rust 0.32863244 1570.0 384.0 1621.0 435.0
rust 0.2445226 1532.0 502.0 1589.0 585.0
scab 0.13395731 767.0 473.0 829.0 521.0
rust 0.11453642 770.0 485.0 802.0 514.0
rust 0.077254385 1556.0 543.0 1587.0 585.0
rust 0.05765083400000001 1531.0 503.0 1564.0 543.0
rust 0.056317512 1814.0 1183.0 1891.0 1260.0
scab 0.051903382000000005 745.0 285.0 813.0 347.0
rust 0.040836766 217.0 752.0 263.0 804.0
scab 0.03867792 1837.0 194.0 1910.0 249.0
scab 0.017901285 1044.0 455.0 1074.0 500.0
scab 0.016076569 696.0 740.0 726.0 780.0
rust 0.014769858 1586.0 385.0 1624.0 417.0
scab 0.01458632 684.0 961.0 746.0 1015.0
scab 0.013972557 1688.0 964.0 1737.0 1022.0
scab 0.013786992 1156.0 599.0 1211.0 666.0
scab 0.01247121 365.0 788.0 388.0 823.0
scab 0.011906088 482.0 737.0 504.0 766.0
scab 0.010667583 560.0 743.0 587.0 776.0
scab 0.010431448 685.0 789.0 734.0 856.0
