scab 0.5250329 833.0 673.0 978.0 814.0
rust 0.46395433 945.0 529.0 989.0 587.0
scab 0.45270473 1476.0 728.0 1638.0 901.0
rust 0.26142648 613.0 767.0 642.0 802.0
scab 0.21327892 1192.0 652.0 1297.0 783.0
scab 0.20439191 1377.0 970.0 1460.0 1024.0
scab 0.19559227 1344.0 784.0 1444.0 942.0
scab 0.18633792 1309.0 677.0 1401.0 795.0
scab 0.17406229999999998 1062.0 673.0 1176.0 832.0
rust 0.16547833 1114.0 883.0 1183.0 943.0
scab 0.12372678 586.0 633.0 633.0 683.0
scab 0.09874241 964.0 696.0 1055.0 824.0
scab 0.08797018 236.0 541.0 330.0 669.0
scab 0.07890406 943.0 520.0 1084.0 657.0
scab 0.075151175 1275.0 793.0 1352.0 934.0
scab 0.049953703 350.0 593.0 384.0 632.0
scab 0.03580999 1390.0 637.0 1489.0 705.0
scab 0.027125033 1311.0 679.0 1368.0 760.0
scab 0.02580546 508.0 850.0 536.0 885.0
scab 0.025269145 1278.0 769.0 1435.0 964.0
scab 0.024143444 1622.0 547.0 1673.0 594.0
scab 0.02375297 655.0 1214.0 812.0 1308.0
scab 0.022972334 634.0 989.0 668.0 1023.0
scab 0.02170761 1561.0 520.0 1607.0 577.0
scab 0.020985989 561.0 899.0 581.0 926.0
scab 0.020500213 394.0 608.0 428.0 647.0
scab 0.020222992 353.0 593.0 429.0 660.0
rust 0.019809468 1364.0 643.0 1436.0 701.0
scab 0.019362941 1588.0 844.0 1645.0 924.0
scab 0.017909108 1444.0 421.0 1475.0 461.0
scab 0.0163245 1478.0 494.0 1533.0 555.0
scab 0.016250111 467.0 712.0 496.0 746.0
scab 0.013347113 744.0 624.0 767.0 661.0
scab 0.010642651 986.0 535.0 1037.0 602.0
