rust 0.8467328000000002 1336.0 421.0 1405.0 484.0
rust 0.7569608 1608.0 657.0 1665.0 739.0
rust 0.53790927 1404.0 510.0 1442.0 571.0
scab 0.13788795 494.0 423.0 525.0 463.0
scab 0.0875692 1710.0 738.0 1742.0 779.0
scab 0.06766319 296.0 677.0 326.0 718.0
scab 0.046456866 973.0 818.0 997.0 855.0
scab 0.043545224 1391.0 820.0 1413.0 851.0
scab 0.038490646 430.0 716.0 460.0 751.0
rust 0.038004704 1613.0 74.0 1644.0 112.0
scab 0.036313936 471.0 305.0 507.0 343.0
scab 0.034061387 1129.0 1017.0 1164.0 1052.0
scab 0.029897500000000007 173.0 642.0 223.0 693.0
scab 0.029303826 1685.0 642.0 1710.0 675.0
rust 0.017987296 1549.0 74.0 1578.0 110.0
scab 0.016606193 798.0 990.0 820.0 1022.0
scab 0.01616529 1093.0 745.0 1112.0 776.0
scab 0.01485394 1032.0 13.0 1256.0 238.0
scab 0.013823842 1456.0 930.0 1478.0 961.0
scab 0.01311247 1676.0 773.0 1729.0 832.0
scab 0.010878264 1051.0 802.0 1068.0 840.0
scab 0.010486973 1032.0 906.0 1079.0 962.0
scab 0.01027471 1081.0 758.0 1101.0 792.0
