scab 0.5219254 1000.0 989.0 1078.0 1046.0
scab 0.42279357 449.0 457.0 521.0 540.0
scab 0.3895833 279.0 525.0 366.0 642.0
scab 0.3794194 463.0 895.0 536.0 950.0
scab 0.37152973 1228.0 732.0 1306.0 817.0
scab 0.36283827 1085.0 938.0 1156.0 994.0
scab 0.32586363 630.0 495.0 684.0 557.0
scab 0.30404590000000004 1162.0 484.0 1209.0 549.0
scab 0.29341784 940.0 488.0 989.0 546.0
scab 0.2224131 623.0 404.0 672.0 462.0
scab 0.21232367 843.0 396.0 921.0 481.0
scab 0.20238283 695.0 553.0 740.0 617.0
scab 0.19392365 1002.0 408.0 1082.0 518.0
scab 0.18671247 800.0 940.0 925.0 1044.0
scab 0.16069984 303.0 727.0 349.0 781.0
scab 0.15481067 719.0 709.0 784.0 766.0
scab 0.15360288 499.0 671.0 550.0 726.0
scab 0.1454402 591.0 745.0 638.0 798.0
scab 0.14026593 1392.0 492.0 1445.0 559.0
scab 0.1398492 1101.0 730.0 1149.0 789.0
scab 0.13595264 666.0 771.0 714.0 831.0
scab 0.13591816 1024.0 722.0 1077.0 789.0
scab 0.13410279 741.0 748.0 809.0 808.0
scab 0.13210495 670.0 626.0 716.0 677.0
scab 0.13099518 665.0 687.0 714.0 735.0
scab 0.12813738 543.0 611.0 593.0 682.0
scab 0.113405295 1452.0 445.0 1524.0 523.0
scab 0.102527566 390.0 552.0 434.0 611.0
scab 0.099205874 726.0 664.0 790.0 720.0
scab 0.096399225 685.0 954.0 776.0 1027.0
scab 0.09075237 1612.0 529.0 1737.0 641.0
scab 0.08780852 303.0 526.0 358.0 603.0
scab 0.086187296 583.0 559.0 627.0 616.0
rust 0.07445845 414.0 868.0 447.0 901.0
scab 0.07099091 540.0 863.0 578.0 896.0
scab 0.070656314 416.0 437.0 444.0 475.0
scab 0.07016474 909.0 562.0 1000.0 685.0
scab 0.06364298 613.0 342.0 690.0 466.0
scab 0.0576871 292.0 685.0 320.0 719.0
scab 0.051107954 935.0 724.0 1010.0 792.0
scab 0.045476034000000005 715.0 688.0 799.0 806.0
scab 0.044304285 819.0 616.0 870.0 678.0
scab 0.043275706 846.0 938.0 923.0 1007.0
scab 0.043235082 953.0 319.0 1022.0 387.0
scab 0.040929347000000005 1135.0 608.0 1189.0 685.0
scab 0.037367098 895.0 754.0 926.0 794.0
scab 0.03502621 828.0 627.0 860.0 666.0
scab 0.032941036 424.0 726.0 491.0 788.0
scab 0.032442387 404.0 648.0 469.0 702.0
scab 0.02938058 1450.0 765.0 1530.0 838.0
scab 0.029148152000000007 1087.0 452.0 1108.0 482.0
scab 0.028953208 559.0 476.0 607.0 536.0
scab 0.027334452 329.0 573.0 381.0 644.0
scab 0.026650324 928.0 705.0 1072.0 795.0
scab 0.02505012 1087.0 495.0 1117.0 536.0
scab 0.024838032000000003 813.0 612.0 839.0 648.0
scab 0.024696818 440.0 737.0 474.0 774.0
scab 0.024290742 1325.0 648.0 1459.0 758.0
scab 0.023801662 1169.0 766.0 1237.0 833.0
scab 0.023190886 922.0 590.0 976.0 670.0
scab 0.02233517 418.0 658.0 460.0 693.0
scab 0.020836046 683.0 803.0 712.0 838.0
scab 0.020812476 1665.0 592.0 1732.0 658.0
scab 0.020800035 1051.0 823.0 1107.0 897.0
scab 0.020766944 717.0 323.0 794.0 388.0
scab 0.020686498 535.0 561.0 612.0 685.0
scab 0.017072389 892.0 742.0 958.0 805.0
scab 0.016996283 1375.0 471.0 1455.0 581.0
scab 0.01606134 1223.0 643.0 1274.0 710.0
scab 0.01499862 1405.0 397.0 1477.0 471.0
scab 0.014625631000000004 708.0 425.0 756.0 487.0
scab 0.013875459 1224.0 725.0 1276.0 796.0
rust 0.013845576000000002 921.0 913.0 948.0 944.0
scab 0.012787858 1017.0 926.0 1092.0 979.0
scab 0.012730545 1085.0 504.0 1167.0 645.0
scab 0.012625673 1205.0 780.0 1236.0 824.0
scab 0.012258637 717.0 435.0 747.0 477.0
scab 0.012112818 881.0 731.0 932.0 793.0
scab 0.012088735 901.0 545.0 955.0 628.0
scab 0.011886415 1270.0 583.0 1317.0 671.0
scab 0.011791209 1658.0 863.0 1693.0 898.0
scab 0.011711313 719.0 716.0 759.0 757.0
scab 0.01143266 675.0 522.0 748.0 637.0
scab 0.011296033 271.0 595.0 300.0 634.0
scab 0.011275655 700.0 679.0 780.0 754.0
scab 0.010985036 828.0 364.0 945.0 471.0
scab 0.010880235 630.0 341.0 684.0 409.0
scab 0.010560778 1796.0 831.0 1824.0 861.0
scab 0.010185308 1079.0 918.0 1164.0 1024.0
scab 0.010099049 373.0 705.0 425.0 764.0
