scab 0.21928369 731.0 626.0 827.0 781.0
scab 0.14696358 1087.0 587.0 1179.0 720.0
scab 0.14244777 1174.0 590.0 1254.0 715.0
scab 0.14014322 834.0 555.0 998.0 762.0
scab 0.106894016 940.0 890.0 1203.0 1120.0
scab 0.09113129 930.0 432.0 1094.0 564.0
scab 0.07458097 1269.0 881.0 1363.0 968.0
scab 0.06984603 1057.0 767.0 1139.0 897.0
scab 0.067499615 844.0 769.0 925.0 904.0
scab 0.06630665 830.0 634.0 911.0 779.0
scab 0.06101612400000001 732.0 807.0 782.0 887.0
scab 0.060701244 567.0 654.0 615.0 702.0
scab 0.040040992 493.0 697.0 590.0 767.0
scab 0.037353996 612.0 606.0 650.0 641.0
scab 0.031531222000000005 731.0 674.0 783.0 753.0
scab 0.030636303 255.0 609.0 394.0 712.0
scab 0.030117387 1.0 130.0 71.0 199.0
scab 0.029431287 955.0 674.0 1038.0 754.0
scab 0.024976533 1101.0 894.0 1256.0 1022.0
scab 0.019728245 1103.0 802.0 1179.0 880.0
scab 0.017178167 1254.0 612.0 1326.0 689.0
scab 0.016856242 899.0 476.0 1039.0 579.0
scab 0.015875808999999998 236.0 682.0 286.0 736.0
scab 0.015726767 720.0 784.0 802.0 899.0
scab 0.01534174 837.0 692.0 894.0 775.0
scab 0.014846448 1228.0 609.0 1377.0 721.0
scab 0.014457102 773.0 636.0 825.0 705.0
scab 0.014012511000000002 1125.0 586.0 1212.0 720.0
scab 0.013948041 1648.0 459.0 1727.0 616.0
scab 0.013920242 1030.0 442.0 1118.0 527.0
scab 0.0133541925 1201.0 361.0 1248.0 434.0
scab 0.012498059 1208.0 910.0 1286.0 989.0
scab 0.012427745 955.0 744.0 1043.0 917.0
scab 0.012314344 863.0 437.0 1099.0 692.0
scab 0.012206839 1130.0 418.0 1188.0 498.0
scab 0.011601823999999998 1889.0 1277.0 1975.0 1346.0
scab 0.010330658 1059.0 672.0 1137.0 753.0
scab 0.010119081 1322.0 975.0 1381.0 1047.0
