rust 0.969964 701.0 481.0 968.0 749.0
rust 0.42281294 739.0 725.0 922.0 826.0
scab 0.32235116 623.0 805.0 731.0 871.0
rust 0.1506212 184.0 767.0 262.0 894.0
rust 0.11788195 842.0 745.0 915.0 824.0
scab 0.074022315 1354.0 882.0 1405.0 936.0
rust 0.061084904 692.0 107.0 906.0 1023.0
scab 0.034094877999999995 1216.0 288.0 1267.0 345.0
scab 0.030232022 961.0 454.0 1013.0 514.0
rust 0.022543754 756.0 730.0 849.0 815.0
rust 0.018062579 528.0 815.0 609.0 880.0
scab 0.013376338 1165.0 811.0 1205.0 869.0
rust 0.011878688 1720.0 437.0 1936.0 677.0
scab 0.010425774 769.0 913.0 820.0 986.0
