rust 0.97750676 1155.0 559.0 1200.0 614.0
rust 0.9690665 975.0 488.0 1023.0 551.0
rust 0.9604657 1114.0 836.0 1156.0 894.0
rust 0.95782036 622.0 478.0 672.0 554.0
rust 0.954838 1155.0 763.0 1202.0 821.0
rust 0.8969488000000001 617.0 294.0 687.0 395.0
rust 0.75103945 1113.0 577.0 1156.0 628.0
rust 0.6974387 459.0 182.0 506.0 232.0
rust 0.6693574000000001 1454.0 626.0 1494.0 678.0
rust 0.62762034 653.0 787.0 706.0 845.0
rust 0.5514977 312.0 356.0 351.0 397.0
rust 0.46795604 452.0 677.0 501.0 710.0
rust 0.34515566 1359.0 655.0 1390.0 692.0
rust 0.26340577 512.0 14.0 538.0 62.0
rust 0.22514893 961.0 974.0 1006.0 1019.0
scab 0.20473227 788.0 701.0 861.0 760.0
rust 0.16179262 1664.0 429.0 1727.0 488.0
rust 0.15427248 1636.0 394.0 1683.0 443.0
rust 0.11725072 704.0 85.0 754.0 134.0
scab 0.07372373 1599.0 170.0 1668.0 223.0
scab 0.05052324 303.0 274.0 330.0 307.0
rust 0.04745621 1449.0 64.0 1518.0 117.0
scab 0.033384837 1099.0 380.0 1126.0 417.0
scab 0.03263468 930.0 402.0 960.0 442.0
rust 0.031064536 50.0 500.0 83.0 538.0
scab 0.027760493 456.0 606.0 480.0 639.0
scab 0.02129285 1470.0 866.0 1496.0 909.0
scab 0.020495389 742.0 798.0 832.0 941.0
scab 0.016607547 1488.0 237.0 1562.0 305.0
scab 0.01564799 725.0 669.0 793.0 727.0
rust 0.01556922 1912.0 466.0 1986.0 547.0
scab 0.014291334 733.0 785.0 786.0 857.0
scab 0.01266315 136.0 302.0 189.0 356.0
scab 0.01135447 54.0 250.0 87.0 291.0
scab 0.011017701 635.0 738.0 779.0 846.0
scab 0.010695417 1305.0 577.0 1346.0 637.0
scab 0.010645377 1404.0 135.0 1470.0 195.0
