rust 0.88495153 860.0 656.0 1034.0 813.0
rust 0.3023125 1767.0 962.0 1841.0 1033.0
scab 0.24269393 1680.0 822.0 1753.0 935.0
scab 0.19525315 1561.0 942.0 1693.0 1054.0
rust 0.12021487 1763.0 1028.0 1894.0 1137.0
scab 0.11058413 728.0 850.0 780.0 906.0
scab 0.10417614 1489.0 1012.0 1524.0 1052.0
scab 0.07204638 1896.0 858.0 2037.0 970.0
rust 0.03122512 1854.0 950.0 1936.0 1031.0
rust 0.018028235 1860.0 786.0 1914.0 846.0
scab 0.015200593500000003 1466.0 1118.0 1512.0 1170.0
scab 0.014963389 1750.0 945.0 1940.0 1039.0
scab 0.011990975 669.0 529.0 690.0 556.0
scab 0.010540707 788.0 263.0 857.0 319.0
rust 0.010383227 959.0 714.0 979.0 753.0
