scab 0.6223217 1170.0 866.0 1278.0 934.0
scab 0.5646966 576.0 726.0 664.0 867.0
scab 0.47321102 882.0 740.0 1006.0 923.0
scab 0.37880707 955.0 511.0 1028.0 573.0
scab 0.31316188 1162.0 745.0 1256.0 803.0
scab 0.2384442 881.0 1078.0 980.0 1203.0
scab 0.21782255 1092.0 682.0 1139.0 733.0
scab 0.15826282 704.0 503.0 755.0 583.0
scab 0.14312479999999994 1012.0 761.0 1147.0 995.0
scab 0.14264566 825.0 640.0 912.0 709.0
scab 0.13797018 986.0 657.0 1076.0 723.0
scab 0.13623819 843.0 1227.0 918.0 1351.0
scab 0.13489383 1256.0 749.0 1323.0 806.0
scab 0.13354248 1006.0 737.0 1102.0 808.0
scab 0.13100807 1337.0 746.0 1413.0 803.0
scab 0.1156825 897.0 775.0 951.0 868.0
scab 0.11174527 346.0 731.0 411.0 780.0
scab 0.10143181 697.0 844.0 795.0 975.0
scab 0.09798795 666.0 677.0 752.0 747.0
scab 0.09374152 1036.0 561.0 1125.0 625.0
scab 0.09196305 952.0 594.0 1028.0 658.0
scab 0.091140814 1014.0 569.0 1099.0 635.0
scab 0.0890909 784.0 466.0 854.0 539.0
scab 0.08578569999999999 367.0 545.0 458.0 683.0
scab 0.0846857 652.0 1139.0 743.0 1292.0
scab 0.08218592400000001 697.0 224.0 874.0 330.0
scab 0.0812911 777.0 705.0 866.0 775.0
rust 0.07573771 876.0 322.0 903.0 354.0
scab 0.0738645 1083.0 564.0 1157.0 618.0
scab 0.071723044 1320.0 677.0 1358.0 715.0
scab 0.07110971 1203.0 743.0 1293.0 805.0
scab 0.07013017 1134.0 792.0 1182.0 848.0
scab 0.06263203 1081.0 749.0 1155.0 804.0
scab 0.06024742 1099.0 761.0 1180.0 838.0
scab 0.06009797400000001 1376.0 743.0 1464.0 813.0
scab 0.057836533 1180.0 619.0 1227.0 679.0
scab 0.057503186 1011.0 1208.0 1143.0 1327.0
scab 0.057169333 965.0 576.0 1065.0 647.0
scab 0.055548415 771.0 720.0 879.0 866.0
rust 0.053611226 807.0 930.0 881.0 1009.0
scab 0.052062154000000006 679.0 507.0 753.0 620.0
scab 0.049565654 811.0 516.0 879.0 578.0
scab 0.043745887 939.0 511.0 1085.0 643.0
scab 0.04274379 802.0 643.0 931.0 756.0
scab 0.040934958 1140.0 627.0 1187.0 684.0
scab 0.039225984 289.0 651.0 360.0 732.0
scab 0.03887269 1037.0 636.0 1123.0 706.0
scab 0.037759397 760.0 679.0 902.0 804.0
scab 0.03514318 1063.0 623.0 1136.0 686.0
scab 0.03490208 780.0 244.0 862.0 331.0
rust 0.032542896 425.0 891.0 493.0 953.0
scab 0.032167554 400.0 591.0 480.0 720.0
scab 0.03208536 1093.0 853.0 1148.0 925.0
scab 0.031549986 818.0 276.0 906.0 345.0
scab 0.030850466 871.0 1239.0 1037.0 1347.0
scab 0.029386707 758.0 758.0 844.0 837.0
scab 0.028747479 1148.0 529.0 1217.0 597.0
scab 0.028421756 792.0 464.0 872.0 583.0
scab 0.026911585 1030.0 660.0 1077.0 717.0
scab 0.026218208 584.0 1028.0 672.0 1141.0
scab 0.025259003 955.0 1238.0 1132.0 1348.0
scab 0.024234641 882.0 720.0 972.0 793.0
scab 0.023581823 1735.0 951.0 1952.0 1176.0
scab 0.023339279 1143.0 739.0 1291.0 822.0
scab 0.020848759 606.0 217.0 798.0 319.0
scab 0.020257138 1215.0 789.0 1288.0 849.0
scab 0.019643504 805.0 655.0 885.0 723.0
scab 0.018831708 1185.0 608.0 1216.0 649.0
scab 0.01866489 621.0 167.0 841.0 375.0
scab 0.018663788 423.0 775.0 487.0 828.0
scab 0.01856728 1059.0 824.0 1135.0 907.0
scab 0.018514581 1056.0 925.0 1147.0 1009.0
scab 0.01790561 985.0 667.0 1032.0 726.0
scab 0.01766 676.0 237.0 757.0 298.0
scab 0.017440556 615.0 206.0 707.0 335.0
scab 0.017236702 1306.0 666.0 1368.0 724.0
scab 0.017087512 931.0 731.0 1007.0 795.0
scab 0.016977541000000002 1309.0 688.0 1402.0 815.0
scab 0.015920788 762.0 909.0 902.0 1007.0
scab 0.015898935 1318.0 676.0 1386.0 746.0
scab 0.01585123 1057.0 734.0 1140.0 794.0
rust 0.015846752 400.0 980.0 422.0 1016.0
scab 0.015555466 1059.0 756.0 1140.0 834.0
scab 0.015342417 669.0 533.0 713.0 599.0
scab 0.01515653 428.0 653.0 479.0 728.0
scab 0.014747627 1118.0 550.0 1201.0 616.0
scab 0.01415761 1019.0 512.0 1091.0 572.0
scab 0.013272831 628.0 231.0 718.0 298.0
scab 0.013227034 879.0 722.0 928.0 786.0
scab 0.012703777 949.0 554.0 1040.0 678.0
scab 0.012520891 384.0 564.0 442.0 652.0
scab 0.01245452 916.0 582.0 949.0 625.0
scab 0.0124499 596.0 758.0 657.0 846.0
scab 0.01175548 887.0 1063.0 969.0 1126.0
scab 0.0114133395 1009.0 526.0 1158.0 624.0
scab 0.011029387 819.0 704.0 907.0 776.0
scab 0.010723895 752.0 749.0 806.0 817.0
scab 0.010661933 737.0 699.0 826.0 773.0
scab 0.0103626 654.0 176.0 734.0 235.0
scab 0.010281481 909.0 866.0 986.0 949.0
scab 0.01002753 1088.0 632.0 1141.0 714.0
