scab 0.5529574 1168.0 105.0 1283.0 299.0
scab 0.5420261 831.0 214.0 902.0 289.0
scab 0.5102739000000001 1399.0 158.0 1527.0 283.0
scab 0.43227592 660.0 264.0 737.0 344.0
scab 0.38737947 957.0 429.0 1028.0 493.0
scab 0.3360046 586.0 593.0 669.0 663.0
scab 0.28254318 316.0 761.0 394.0 838.0
rust 0.26317582 679.0 509.0 724.0 562.0
scab 0.24902835 1241.0 965.0 1337.0 1101.0
scab 0.23846371 336.0 682.0 409.0 751.0
scab 0.2345561 582.0 356.0 742.0 472.0
scab 0.1878081 556.0 500.0 614.0 585.0
scab 0.17768662 756.0 767.0 849.0 839.0
rust 0.1339513 348.0 402.0 401.0 469.0
scab 0.12867789 737.0 244.0 818.0 370.0
scab 0.12362691 1192.0 770.0 1269.0 836.0
scab 0.12115155 344.0 923.0 534.0 1052.0
rust 0.10933949 485.0 968.0 531.0 1023.0
scab 0.10877324 663.0 771.0 746.0 889.0
scab 0.1072092 1020.0 1022.0 1064.0 1080.0
scab 0.100790605 405.0 800.0 439.0 838.0
scab 0.10011788 422.0 386.0 490.0 457.0
rust 0.08951263 663.0 166.0 710.0 229.0
scab 0.08533414 950.0 976.0 1035.0 1110.0
scab 0.082317784 591.0 827.0 667.0 901.0
scab 0.081741005 1067.0 1138.0 1120.0 1198.0
scab 0.08118044 1141.0 1076.0 1222.0 1204.0
scab 0.07861756 955.0 1188.0 1055.0 1333.0
scab 0.06247893700000001 851.0 699.0 885.0 741.0
scab 0.05967427 872.0 750.0 944.0 812.0
scab 0.056656044 621.0 990.0 769.0 1266.0
scab 0.05610621 666.0 233.0 814.0 352.0
scab 0.055909608 838.0 1198.0 931.0 1319.0
scab 0.05554133 644.0 386.0 746.0 473.0
scab 0.055133164000000005 640.0 995.0 742.0 1176.0
scab 0.05425167 706.0 1170.0 762.0 1247.0
scab 0.054215267 1301.0 307.0 1382.0 432.0
scab 0.054060496 1155.0 376.0 1253.0 449.0
scab 0.052532613 1885.0 547.0 1926.0 619.0
scab 0.049154244000000014 451.0 635.0 522.0 714.0
scab 0.049044978 305.0 737.0 433.0 855.0
scab 0.045670416 1548.0 975.0 1621.0 1058.0
scab 0.045602866 1222.0 394.0 1313.0 469.0
scab 0.043357585 613.0 1090.0 703.0 1253.0
scab 0.041579917 505.0 589.0 578.0 662.0
scab 0.03906582 806.0 1125.0 880.0 1211.0
scab 0.03856966 694.0 1151.0 779.0 1274.0
scab 0.038301587000000005 1083.0 550.0 1161.0 619.0
scab 0.038280763 962.0 1013.0 1017.0 1094.0
scab 0.03699087 1051.0 949.0 1141.0 1032.0
scab 0.036699057 1064.0 1071.0 1206.0 1198.0
scab 0.033642072 889.0 682.0 1030.0 792.0
scab 0.033371177 1120.0 1081.0 1168.0 1159.0
scab 0.031616125 544.0 573.0 685.0 680.0
scab 0.029079923 1403.0 423.0 1482.0 493.0
scab 0.028956877 823.0 1065.0 916.0 1198.0
scab 0.028541518 762.0 698.0 848.0 779.0
scab 0.028061925 272.0 1015.0 358.0 1130.0
scab 0.027301153 503.0 736.0 576.0 820.0
scab 0.02709971 1265.0 953.0 1353.0 1035.0
scab 0.02679646 508.0 1042.0 627.0 1231.0
scab 0.026736494 1183.0 94.0 1269.0 175.0
scab 0.02656855 799.0 978.0 890.0 1113.0
scab 0.02509362 1156.0 364.0 1344.0 469.0
scab 0.02437586 577.0 723.0 662.0 854.0
scab 0.023769045 984.0 1169.0 1038.0 1232.0
scab 0.023262009 531.0 504.0 620.0 640.0
scab 0.022038214 566.0 300.0 653.0 439.0
scab 0.021243652 747.0 233.0 796.0 294.0
scab 0.019604309 724.0 735.0 859.0 849.0
scab 0.019367896 608.0 375.0 693.0 462.0
scab 0.018477652 1495.0 1020.0 1550.0 1094.0
scab 0.01747585 625.0 801.0 723.0 883.0
scab 0.017388077 633.0 948.0 770.0 1068.0
scab 0.017219223 357.0 559.0 390.0 600.0
scab 0.016728187 482.0 934.0 567.0 1055.0
scab 0.015551348 844.0 1044.0 920.0 1114.0
scab 0.015264115 1001.0 1088.0 1057.0 1161.0
scab 0.015243603 634.0 1122.0 711.0 1195.0
scab 0.014819119 1093.0 1051.0 1121.0 1090.0
scab 0.01418065 274.0 762.0 304.0 805.0
scab 0.014139213 651.0 990.0 730.0 1078.0
scab 0.013947137 299.0 878.0 509.0 1100.0
scab 0.01386876 958.0 418.0 1043.0 539.0
scab 0.013488101 1027.0 892.0 1132.0 1042.0
scab 0.013463538 846.0 648.0 997.0 759.0
scab 0.013291173 664.0 770.0 839.0 875.0
scab 0.013151598 1569.0 374.0 1658.0 458.0
scab 0.013108693 598.0 742.0 656.0 820.0
scab 0.0128695555 427.0 854.0 459.0 888.0
scab 0.012835055 576.0 672.0 606.0 709.0
scab 0.012507814 597.0 301.0 626.0 348.0
scab 0.012248086000000002 554.0 911.0 629.0 987.0
scab 0.011810143 819.0 939.0 917.0 1076.0
scab 0.0115233585 761.0 887.0 839.0 971.0
scab 0.011204346 860.0 647.0 949.0 730.0
scab 0.011042861 751.0 270.0 808.0 348.0
scab 0.0110117225 858.0 1212.0 919.0 1291.0
scab 0.010871442 933.0 711.0 1010.0 796.0
scab 0.010625798 981.0 194.0 1050.0 261.0
scab 0.01015615 798.0 1113.0 938.0 1313.0
