rust 0.95597893 1577.0 994.0 1653.0 1069.0
rust 0.4884856 731.0 3.0 792.0 47.0
rust 0.38934058 631.0 1099.0 672.0 1137.0
scab 0.04246347 300.0 1301.0 331.0 1333.0
scab 0.04198235 1187.0 115.0 1233.0 163.0
scab 0.028730288 126.0 1160.0 161.0 1192.0
scab 0.023480818 255.0 1256.0 284.0 1290.0
rust 0.019696927 519.0 742.0 552.0 772.0
scab 0.016156882 4.0 363.0 71.0 422.0
scab 0.015423248999999997 649.0 722.0 687.0 753.0
scab 0.014352315 1766.0 618.0 1834.0 683.0
scab 0.0141431885 1879.0 710.0 1903.0 744.0
scab 0.013837927 1678.0 1015.0 1726.0 1067.0
