rust 0.91015774 567.0 840.0 699.0 933.0
rust 0.68099564 1156.0 965.0 1275.0 1054.0
scab 0.32546207 531.0 789.0 601.0 849.0
scab 0.15013044 1811.0 724.0 1847.0 765.0
scab 0.04993394 1624.0 903.0 1690.0 961.0
scab 0.028720634 936.0 455.0 966.0 496.0
scab 0.028586004 926.0 444.0 974.0 511.0
scab 0.023586694 1462.0 511.0 1487.0 549.0
scab 0.022922305 1788.0 631.0 1872.0 763.0
scab 0.02136261 907.0 419.0 992.0 542.0
scab 0.020680016 1478.0 483.0 1501.0 513.0
scab 0.018783081 1302.0 461.0 1331.0 499.0
rust 0.01841762 1787.0 878.0 1820.0 921.0
scab 0.018106082 1785.0 852.0 1858.0 926.0
scab 0.016657494 1628.0 492.0 1650.0 526.0
scab 0.01583783 916.0 981.0 957.0 1017.0
scab 0.013670877 1322.0 856.0 1379.0 925.0
scab 0.012816507 730.0 952.0 776.0 985.0
