scab 0.5394066999999999 766.0 853.0 969.0 968.0
scab 0.4598968 446.0 788.0 516.0 862.0
scab 0.45988432 947.0 603.0 1029.0 719.0
scab 0.428463 815.0 695.0 944.0 809.0
scab 0.34629497 1056.0 719.0 1109.0 794.0
scab 0.346022 1051.0 591.0 1129.0 710.0
scab 0.33648705 950.0 729.0 1031.0 841.0
scab 0.32955426 1860.0 815.0 1958.0 876.0
scab 0.3115389 1041.0 807.0 1125.0 888.0
scab 0.29297724 771.0 641.0 817.0 699.0
scab 0.28470337 682.0 691.0 754.0 768.0
scab 0.27702203 1235.0 789.0 1304.0 845.0
scab 0.23370452 582.0 889.0 666.0 955.0
scab 0.23074108 1143.0 559.0 1270.0 780.0
scab 0.17779355 1165.0 617.0 1217.0 688.0
scab 0.1672639 1488.0 530.0 1562.0 608.0
scab 0.15669845 1183.0 712.0 1272.0 795.0
scab 0.149902 1331.0 553.0 1383.0 620.0
scab 0.13549529 1044.0 719.0 1122.0 841.0
scab 0.1288408 286.0 747.0 335.0 802.0
scab 0.12813444 1311.0 685.0 1359.0 744.0
scab 0.115592085 1139.0 559.0 1231.0 699.0
scab 0.10879384 636.0 816.0 709.0 872.0
scab 0.10324089 784.0 859.0 879.0 984.0
scab 0.0896637 957.0 655.0 1026.0 727.0
scab 0.08540039 1454.0 614.0 1509.0 693.0
scab 0.07888326 867.0 711.0 944.0 792.0
scab 0.06976978 950.0 594.0 1022.0 664.0
scab 0.06773655 1386.0 648.0 1443.0 729.0
scab 0.055057544000000014 1166.0 555.0 1237.0 626.0
scab 0.05259008 897.0 702.0 948.0 777.0
scab 0.051925562 1812.0 794.0 1979.0 877.0
scab 0.051131528 385.0 681.0 410.0 712.0
scab 0.0468256 1804.0 818.0 1893.0 869.0
scab 0.04476986 930.0 990.0 1074.0 1109.0
scab 0.040865008 949.0 623.0 980.0 664.0
scab 0.038958795 874.0 849.0 967.0 973.0
scab 0.034599427 949.0 741.0 1000.0 812.0
scab 0.030614277 649.0 826.0 691.0 862.0
scab 0.027705465 1988.0 818.0 2039.0 876.0
scab 0.026977327 1910.0 818.0 1985.0 878.0
scab 0.026455455 74.0 791.0 233.0 884.0
scab 0.026140597 671.0 820.0 760.0 874.0
scab 0.025648275 543.0 765.0 592.0 833.0
scab 0.020858314 1123.0 981.0 1197.0 1051.0
scab 0.017778251000000002 289.0 745.0 326.0 781.0
scab 0.01768978 537.0 740.0 613.0 856.0
scab 0.015057097 685.0 749.0 753.0 810.0
scab 0.014266483 546.0 766.0 576.0 802.0
scab 0.014221069 1050.0 585.0 1220.0 714.0
scab 0.013972406 1198.0 636.0 1292.0 782.0
scab 0.013934552 1653.0 5.0 1736.0 65.0
scab 0.013844847 1523.0 441.0 1615.0 523.0
scab 0.0137539 1992.0 40.0 2048.0 119.0
scab 0.013537668 1356.0 610.0 1443.0 732.0
scab 0.012838825 1944.0 1261.0 1988.0 1318.0
scab 0.012231421 211.0 821.0 278.0 877.0
scab 0.01202491 1344.0 615.0 1371.0 653.0
scab 0.011775639 936.0 812.0 1008.0 874.0
scab 0.01155033 1952.0 700.0 2047.0 764.0
scab 0.010692163 803.0 718.0 882.0 842.0
scab 0.010585461 711.0 821.0 802.0 875.0
scab 0.010477764 1339.0 564.0 1374.0 606.0
scab 0.010453813 553.0 814.0 623.0 878.0
scab 0.010379846 1391.0 615.0 1418.0 652.0
scab 0.010326486 1858.0 172.0 2022.0 277.0
scab 0.010069071 1763.0 97.0 1845.0 177.0
