scab 0.8978856 1379.0 760.0 1468.0 875.0
scab 0.82406145 808.0 655.0 884.0 731.0
scab 0.678309 989.0 766.0 1159.0 915.0
rust 0.33470818 472.0 550.0 514.0 588.0
rust 0.09862003 1163.0 722.0 1191.0 760.0
scab 0.08246968 1048.0 502.0 1072.0 544.0
scab 0.052262794 1112.0 779.0 1162.0 860.0
scab 0.047318786 1438.0 503.0 1458.0 538.0
scab 0.033585187 733.0 577.0 756.0 612.0
scab 0.030287586 1160.0 686.0 1243.0 810.0
scab 0.029448735 304.0 700.0 393.0 780.0
scab 0.028991409 707.0 698.0 752.0 769.0
scab 0.027926994 1178.0 716.0 1232.0 799.0
scab 0.022894043 1264.0 725.0 1337.0 861.0
scab 0.021620598 715.0 883.0 800.0 962.0
scab 0.02150622 1081.0 763.0 1169.0 905.0
scab 0.02037335 1052.0 872.0 1150.0 936.0
scab 0.019108443 953.0 633.0 977.0 667.0
scab 0.019067306000000003 370.0 540.0 408.0 574.0
scab 0.019000089 1286.0 629.0 1312.0 664.0
rust 0.015954413 1069.0 801.0 1118.0 886.0
scab 0.012356905 1311.0 652.0 1401.0 722.0
scab 0.011915623 1227.0 324.0 1252.0 354.0
scab 0.011625189 431.0 828.0 456.0 866.0
scab 0.011525156000000002 1157.0 711.0 1201.0 768.0
scab 0.011472927 1390.0 765.0 1443.0 841.0
scab 0.010781124 667.0 784.0 707.0 851.0
scab 0.010662215 664.0 374.0 688.0 401.0
