scab 0.7249445999999999 870.0 420.0 956.0 538.0
scab 0.67572296 1039.0 599.0 1126.0 664.0
scab 0.6548059 1166.0 559.0 1242.0 613.0
scab 0.54836196 1231.0 693.0 1280.0 745.0
scab 0.4861596 1047.0 783.0 1134.0 891.0
scab 0.47993344 973.0 939.0 1044.0 1016.0
scab 0.42765647 1216.0 451.0 1293.0 511.0
scab 0.42408928 677.0 705.0 745.0 779.0
scab 0.42108256 1155.0 422.0 1186.0 457.0
scab 0.41751167 864.0 565.0 937.0 649.0
scab 0.41087192 744.0 749.0 799.0 822.0
scab 0.3829969 610.0 552.0 681.0 629.0
scab 0.34564963 702.0 434.0 852.0 640.0
scab 0.32800397 1400.0 707.0 1437.0 774.0
scab 0.32060847 1173.0 728.0 1239.0 790.0
scab 0.3197542 1339.0 756.0 1385.0 837.0
scab 0.3082118 716.0 834.0 834.0 946.0
scab 0.2970204 741.0 657.0 777.0 699.0
scab 0.28185707 1007.0 452.0 1036.0 494.0
scab 0.26416716 909.0 869.0 986.0 931.0
scab 0.25267783 551.0 699.0 589.0 739.0
scab 0.24876115 1034.0 925.0 1065.0 965.0
scab 0.2461159 1320.0 643.0 1350.0 688.0
scab 0.19818445 1044.0 883.0 1077.0 926.0
scab 0.19702822 1247.0 900.0 1277.0 938.0
scab 0.19287993 1228.0 950.0 1273.0 1000.0
scab 0.18636201 1320.0 556.0 1350.0 585.0
scab 0.17742756 1286.0 885.0 1311.0 927.0
scab 0.17613295 954.0 442.0 1001.0 509.0
scab 0.16616131 716.0 838.0 766.0 924.0
scab 0.16579165 815.0 809.0 862.0 860.0
scab 0.1389123 1251.0 837.0 1279.0 880.0
scab 0.1376108 1211.0 820.0 1247.0 857.0
scab 0.13294664 1324.0 726.0 1393.0 854.0
scab 0.11517796 1091.0 383.0 1120.0 422.0
scab 0.11206514 1068.0 942.0 1101.0 982.0
scab 0.105863966 1167.0 873.0 1192.0 909.0
scab 0.102159984 739.0 442.0 820.0 521.0
scab 0.095418766 1219.0 866.0 1247.0 897.0
scab 0.09120766 532.0 690.0 595.0 749.0
scab 0.08973239 1320.0 896.0 1348.0 947.0
scab 0.08847945 987.0 815.0 1034.0 878.0
scab 0.08611937 638.0 603.0 672.0 641.0
scab 0.08470401 935.0 936.0 967.0 976.0
scab 0.084079 1311.0 838.0 1342.0 880.0
scab 0.07952868 1031.0 890.0 1075.0 965.0
scab 0.07334217 945.0 880.0 990.0 936.0
scab 0.06891489 1217.0 458.0 1247.0 494.0
scab 0.067391105 1164.0 569.0 1201.0 609.0
scab 0.06682020400000001 1283.0 937.0 1311.0 975.0
scab 0.06668332 1196.0 467.0 1219.0 501.0
scab 0.065424524 1147.0 371.0 1180.0 405.0
scab 0.06421606 883.0 915.0 914.0 951.0
scab 0.06360681 1091.0 372.0 1139.0 426.0
scab 0.056140315 537.0 774.0 566.0 811.0
scab 0.056119498 1201.0 562.0 1240.0 603.0
scab 0.053227033 700.0 517.0 790.0 635.0
scab 0.050352823 421.0 802.0 452.0 840.0
scab 0.05020554 521.0 717.0 554.0 754.0
scab 0.047694523 1029.0 586.0 1057.0 621.0
scab 0.0463606 942.0 597.0 991.0 664.0
scab 0.044949077 1187.0 736.0 1223.0 778.0
scab 0.040497433 851.0 697.0 884.0 733.0
scab 0.04035897 1213.0 429.0 1237.0 457.0
scab 0.035052605 1215.0 441.0 1245.0 476.0
scab 0.03483075 1268.0 411.0 1302.0 449.0
scab 0.03382307 543.0 566.0 576.0 602.0
scab 0.033436395 674.0 540.0 702.0 578.0
scab 0.033395175 1098.0 610.0 1128.0 646.0
scab 0.03278299 1095.0 785.0 1141.0 853.0
scab 0.032582868 753.0 868.0 810.0 943.0
scab 0.031695005 904.0 864.0 952.0 918.0
scab 0.031215006 1133.0 568.0 1161.0 603.0
scab 0.030964753 933.0 796.0 960.0 833.0
scab 0.029012797000000007 1863.0 1017.0 1952.0 1085.0
scab 0.02877811 555.0 823.0 581.0 854.0
scab 0.02665239 1185.0 785.0 1214.0 822.0
scab 0.026313903 614.0 797.0 681.0 854.0
scab 0.024917223 449.0 707.0 476.0 739.0
scab 0.024493067 340.0 744.0 371.0 785.0
scab 0.0244672 874.0 971.0 924.0 1026.0
scab 0.024144216 1234.0 382.0 1259.0 417.0
scab 0.020043222 793.0 532.0 848.0 603.0
scab 0.019544534 1016.0 454.0 1095.0 510.0
scab 0.017671412 625.0 11.0 844.0 205.0
scab 0.016812466 993.0 810.0 1072.0 883.0
scab 0.016445445 1283.0 920.0 1333.0 982.0
scab 0.01625088 1103.0 793.0 1134.0 837.0
scab 0.016105216000000002 1042.0 357.0 1117.0 436.0
scab 0.01607929 1338.0 693.0 1420.0 825.0
scab 0.015876325 728.0 1071.0 855.0 1181.0
scab 0.015758375 768.0 848.0 825.0 928.0
scab 0.0151954265 970.0 454.0 1001.0 499.0
scab 0.014896081 1083.0 513.0 1108.0 545.0
scab 0.014349036 1303.0 479.0 1333.0 511.0
scab 0.013347108 1112.0 839.0 1139.0 878.0
scab 0.013058316 1054.0 466.0 1095.0 501.0
scab 0.012957622 1209.0 910.0 1233.0 945.0
scab 0.0116104605 1129.0 349.0 1199.0 408.0
scab 0.011510732 466.0 811.0 498.0 847.0
scab 0.011282588 1208.0 451.0 1252.0 506.0
scab 0.011142385 1252.0 467.0 1293.0 503.0
scab 0.010992831000000002 478.0 793.0 529.0 846.0
scab 0.01070418 1364.0 466.0 1401.0 503.0
scab 0.010536535 1194.0 739.0 1244.0 807.0
scab 0.010354056 691.0 574.0 744.0 636.0
scab 0.010170565 979.0 1030.0 1051.0 1091.0
scab 0.010044125 1211.0 811.0 1277.0 878.0
