scab 0.5402234 1332.0 843.0 1426.0 924.0
scab 0.5202403 1438.0 715.0 1581.0 932.0
scab 0.4301221 1161.0 459.0 1251.0 606.0
scab 0.40929398 978.0 610.0 1106.0 824.0
scab 0.40737447 1395.0 552.0 1484.0 666.0
scab 0.39142495 1411.0 929.0 1462.0 980.0
rust 0.3652164 1170.0 963.0 1227.0 1033.0
scab 0.35581556 628.0 465.0 720.0 601.0
scab 0.32532558 902.0 383.0 994.0 534.0
scab 0.31314050000000004 999.0 391.0 1099.0 526.0
scab 0.26659432 1305.0 931.0 1355.0 1002.0
scab 0.24660555 432.0 801.0 487.0 871.0
scab 0.20356813 1303.0 458.0 1392.0 599.0
scab 0.19074108 739.0 1066.0 831.0 1135.0
scab 0.17430317 965.0 1028.0 1059.0 1153.0
scab 0.16669694 885.0 958.0 941.0 1035.0
scab 0.1586636 504.0 439.0 586.0 524.0
scab 0.14653857 1076.0 903.0 1164.0 983.0
scab 0.13004595 573.0 721.0 631.0 798.0
scab 0.12731034 526.0 638.0 614.0 775.0
scab 0.102854155 884.0 627.0 973.0 780.0
scab 0.09901475 523.0 650.0 578.0 732.0
scab 0.0940157 1250.0 455.0 1346.0 604.0
scab 0.09060449 856.0 705.0 954.0 879.0
scab 0.08866582 1353.0 723.0 1437.0 803.0
scab 0.08658837 1267.0 916.0 1310.0 984.0
scab 0.07558446 1013.0 525.0 1067.0 597.0
scab 0.072111584 696.0 592.0 793.0 723.0
scab 0.06956634 749.0 635.0 837.0 770.0
scab 0.06713326 1294.0 913.0 1373.0 1017.0
scab 0.06523440000000001 1247.0 738.0 1337.0 863.0
scab 0.061430033 542.0 674.0 628.0 807.0
scab 0.061299585 1149.0 953.0 1229.0 1070.0
scab 0.06007235 993.0 987.0 1077.0 1112.0
scab 0.058833588 1157.0 1024.0 1205.0 1081.0
scab 0.057758193 1025.0 986.0 1074.0 1053.0
scab 0.05354134 1131.0 623.0 1183.0 690.0
scab 0.052207112 659.0 638.0 745.0 763.0
scab 0.051508173 882.0 904.0 959.0 1036.0
scab 0.0456066 999.0 604.0 1085.0 713.0
scab 0.04347001 991.0 719.0 1084.0 841.0
scab 0.043254793 899.0 692.0 956.0 773.0
scab 0.04218565 837.0 688.0 890.0 781.0
scab 0.042080615 587.0 630.0 676.0 701.0
scab 0.0416513 891.0 380.0 1111.0 526.0
scab 0.041171867 888.0 612.0 970.0 688.0
scab 0.038841907 690.0 867.0 785.0 991.0
scab 0.036055338 966.0 1092.0 1016.0 1145.0
scab 0.03267607 1183.0 757.0 1332.0 887.0
scab 0.032231867000000004 556.0 807.0 606.0 869.0
scab 0.03214008 1232.0 698.0 1306.0 760.0
scab 0.031823535 617.0 781.0 692.0 858.0
scab 0.029978864 463.0 407.0 597.0 517.0
scab 0.02986804 578.0 551.0 633.0 624.0
scab 0.028483627 650.0 498.0 747.0 640.0
scab 0.028094323 876.0 776.0 934.0 865.0
scab 0.026626103 832.0 675.0 916.0 829.0
rust 0.026298827 886.0 1117.0 928.0 1152.0
scab 0.026179507 890.0 456.0 974.0 536.0
scab 0.025273658 1233.0 904.0 1368.0 1003.0
scab 0.024389222 1272.0 918.0 1348.0 993.0
scab 0.02233521 1270.0 598.0 1356.0 719.0
scab 0.02082927 725.0 592.0 785.0 675.0
scab 0.019706551 1298.0 702.0 1368.0 772.0
scab 0.019530436 1124.0 609.0 1212.0 725.0
scab 0.018430963 624.0 631.0 714.0 705.0
scab 0.018315483 1058.0 868.0 1146.0 993.0
scab 0.018289959 1381.0 653.0 1418.0 691.0
scab 0.017929507 904.0 605.0 986.0 732.0
scab 0.017927349 1377.0 720.0 1475.0 856.0
scab 0.016764209 492.0 421.0 541.0 495.0
scab 0.016756061000000003 1221.0 897.0 1270.0 965.0
scab 0.016500676000000002 914.0 387.0 981.0 454.0
scab 0.01598143 1159.0 429.0 1360.0 634.0
scab 0.015862196999999998 1004.0 512.0 1081.0 626.0
scab 0.01573734 788.0 1085.0 839.0 1147.0
scab 0.0155751845 1311.0 702.0 1458.0 810.0
scab 0.01532457 1143.0 419.0 1231.0 571.0
scab 0.014830234 538.0 553.0 628.0 689.0
scab 0.014769788 579.0 732.0 731.0 856.0
scab 0.014428142 731.0 980.0 786.0 1048.0
scab 0.013286302 1166.0 719.0 1258.0 860.0
scab 0.013283345 677.0 680.0 738.0 756.0
scab 0.01300125 1227.0 907.0 1308.0 985.0
scab 0.012747565 1049.0 835.0 1102.0 895.0
scab 0.012604393 1089.0 1014.0 1142.0 1091.0
scab 0.0125087695 1294.0 677.0 1545.0 918.0
scab 0.012465286 641.0 481.0 702.0 568.0
scab 0.012338843 531.0 605.0 689.0 719.0
scab 0.012017492 416.0 524.0 500.0 648.0
scab 0.011736761 1324.0 441.0 1378.0 513.0
scab 0.011382172 1426.0 788.0 1485.0 866.0
scab 0.010991238 1259.0 763.0 1317.0 845.0
scab 0.010759019 710.0 606.0 768.0 687.0
scab 0.010698783 1323.0 505.0 1383.0 588.0
scab 0.010319739 800.0 431.0 886.0 558.0
scab 0.010218301 86.0 768.0 109.0 801.0
