scab 0.19924933 1283.0 172.0 1465.0 309.0
rust 0.17328657 616.0 509.0 689.0 576.0
scab 0.1559789 501.0 594.0 580.0 673.0
scab 0.13965482 489.0 683.0 569.0 757.0
scab 0.13874705 403.0 432.0 578.0 548.0
scab 0.13800907 186.0 467.0 283.0 604.0
scab 0.12685041 1028.0 403.0 1138.0 577.0
scab 0.122355 232.0 457.0 410.0 581.0
scab 0.11437152 547.0 458.0 695.0 585.0
scab 0.087887146 776.0 416.0 969.0 570.0
scab 0.08771259 744.0 358.0 827.0 472.0
scab 0.07853967 1226.0 348.0 1317.0 470.0
scab 0.0774016 1122.0 512.0 1227.0 655.0
scab 0.0674732 492.0 423.0 583.0 553.0
scab 0.06667424 1132.0 389.0 1224.0 523.0
scab 0.051810857 1462.0 562.0 1549.0 689.0
scab 0.050480228 960.0 390.0 1050.0 515.0
scab 0.044057585 1387.0 381.0 1476.0 521.0
scab 0.042084027 1244.0 422.0 1349.0 567.0
scab 0.03999944 405.0 458.0 511.0 542.0
scab 0.03923006 521.0 437.0 600.0 513.0
scab 0.03698517 705.0 506.0 760.0 585.0
scab 0.036430024 1390.0 541.0 1434.0 599.0
scab 0.024284037 1024.0 357.0 1300.0 587.0
scab 0.022923011 440.0 369.0 672.0 600.0
scab 0.022008693 1258.0 353.0 1319.0 438.0
scab 0.020265253 1159.0 412.0 1256.0 563.0
scab 0.019669918 972.0 389.0 1056.0 456.0
scab 0.019078044 1230.0 439.0 1317.0 519.0
scab 0.016798211 902.0 407.0 1011.0 584.0
scab 0.016500507 1041.0 378.0 1121.0 456.0
scab 0.01635692 841.0 371.0 1111.0 594.0
scab 0.01583294 1305.0 377.0 1395.0 523.0
rust 0.015335129 545.0 497.0 596.0 552.0
scab 0.0148572065 777.0 450.0 877.0 599.0
scab 0.014631103 607.0 463.0 693.0 537.0
scab 0.01452774 1397.0 339.0 1544.0 465.0
scab 0.014109924 185.0 385.0 424.0 612.0
scab 0.013357868 864.0 440.0 980.0 611.0
scab 0.013092811 1053.0 442.0 1146.0 523.0
scab 0.012781972 1292.0 422.0 1387.0 567.0
scab 0.012557685 1106.0 374.0 1246.0 615.0
scab 0.012125698 1037.0 524.0 1110.0 602.0
scab 0.012049215 1004.0 463.0 1104.0 607.0
scab 0.011829308 457.0 462.0 537.0 545.0
scab 0.011505676 448.0 383.0 499.0 439.0
scab 0.011219517 1266.0 439.0 1352.0 521.0
