rust 0.9410259 912.0 520.0 959.0 594.0
rust 0.9377889 1394.0 403.0 1442.0 466.0
rust 0.92592835 1206.0 372.0 1259.0 431.0
rust 0.87542814 832.0 774.0 887.0 841.0
rust 0.8587249 465.0 647.0 513.0 706.0
rust 0.83262855 518.0 778.0 565.0 830.0
rust 0.775332 1360.0 967.0 1428.0 1011.0
rust 0.76301736 1351.0 400.0 1394.0 458.0
rust 0.68215686 925.0 859.0 990.0 921.0
rust 0.68160635 463.0 712.0 513.0 762.0
rust 0.62090766 1422.0 558.0 1470.0 629.0
rust 0.59051853 591.0 715.0 638.0 763.0
rust 0.5367056 1052.0 700.0 1095.0 758.0
rust 0.4870545 595.0 569.0 649.0 634.0
scab 0.42836437 559.0 741.0 584.0 775.0
scab 0.23372391 1570.0 492.0 1623.0 554.0
scab 0.13631909 1563.0 973.0 1612.0 1020.0
rust 0.13325316 947.0 811.0 978.0 847.0
scab 0.103893705 1125.0 568.0 1151.0 604.0
scab 0.09942683 1442.0 416.0 1486.0 467.0
rust 0.058035962 1348.0 755.0 1391.0 810.0
scab 0.050985884 437.0 675.0 468.0 709.0
scab 0.04802397 657.0 741.0 680.0 775.0
scab 0.040348146 1356.0 493.0 1404.0 544.0
scab 0.037031054 1016.0 483.0 1042.0 524.0
scab 0.029237825 1457.0 303.0 1501.0 355.0
scab 0.025918366 987.0 481.0 1006.0 517.0
scab 0.020669127 351.0 693.0 384.0 724.0
scab 0.020310473 1965.0 3.0 2012.0 101.0
scab 0.019286668 1201.0 651.0 1226.0 685.0
scab 0.018897038 1327.0 576.0 1369.0 638.0
scab 0.018433366 33.0 927.0 255.0 1160.0
scab 0.016958771 400.0 589.0 429.0 628.0
scab 0.015651023 1536.0 765.0 1569.0 799.0
scab 0.014634361499999997 1292.0 652.0 1321.0 690.0
scab 0.013867188 562.0 566.0 586.0 596.0
scab 0.01288352 426.0 756.0 449.0 785.0
scab 0.012615341 1172.0 527.0 1202.0 557.0
rust 0.010995204 592.0 581.0 626.0 625.0
scab 0.010440405 545.0 865.0 570.0 892.0
