scab 0.6403147 1148.0 694.0 1230.0 772.0
scab 0.61736494 1474.0 545.0 1615.0 697.0
scab 0.5649092 1185.0 868.0 1278.0 945.0
scab 0.48778918 1601.0 860.0 1677.0 924.0
scab 0.48433217 1238.0 277.0 1311.0 356.0
scab 0.44071582 1506.0 898.0 1594.0 1005.0
scab 0.3619245 1320.0 380.0 1401.0 495.0
scab 0.3033473 1279.0 483.0 1356.0 563.0
scab 0.21502054 997.0 593.0 1064.0 657.0
scab 0.20971921 1026.0 827.0 1098.0 901.0
scab 0.20219254 586.0 389.0 637.0 451.0
scab 0.10787173 995.0 663.0 1069.0 721.0
scab 0.09017922 1538.0 833.0 1604.0 885.0
scab 0.031568076 1551.0 607.0 1614.0 696.0
scab 0.03154424 1720.0 815.0 1771.0 870.0
scab 0.026091268 1645.0 546.0 1692.0 633.0
scab 0.019104537 758.0 508.0 840.0 636.0
scab 0.014841664 511.0 463.0 536.0 501.0
scab 0.0141388355 1613.0 516.0 1693.0 639.0
scab 0.014052221 990.0 589.0 1076.0 730.0
scab 0.010910938500000002 1280.0 702.0 1308.0 735.0
scab 0.010637375 1513.0 775.0 1549.0 810.0
