rust 0.85025454 1461.0 756.0 1497.0 795.0
rust 0.83079106 1462.0 636.0 1491.0 677.0
rust 0.7060350000000001 1212.0 1167.0 1250.0 1208.0
rust 0.33269137 1215.0 1062.0 1255.0 1110.0
rust 0.26633152 54.0 442.0 103.0 509.0
scab 0.12125998 0.0 119.0 104.0 282.0
scab 0.026852803 1052.0 769.0 1138.0 908.0
scab 0.024938881 84.0 628.0 120.0 662.0
scab 0.021054579 556.0 875.0 582.0 907.0
scab 0.02084862 712.0 414.0 751.0 448.0
scab 0.016633064 1255.0 18.0 1425.0 119.0
rust 0.013026332 658.0 511.0 736.0 579.0
scab 0.012390523 1472.0 410.0 1521.0 468.0
scab 0.012140742 1578.0 326.0 1628.0 374.0
scab 0.010136563 823.0 173.0 856.0 206.0
