rust 0.9462473 1379.0 698.0 1410.0 736.0
rust 0.93487 835.0 516.0 859.0 559.0
rust 0.93007326 1681.0 650.0 1716.0 686.0
rust 0.91529167 1438.0 692.0 1472.0 731.0
rust 0.9106759 1137.0 666.0 1164.0 713.0
rust 0.9070871 835.0 434.0 863.0 468.0
rust 0.9018398 1087.0 831.0 1122.0 869.0
rust 0.8928224 1600.0 179.0 1628.0 221.0
rust 0.8752511000000001 862.0 490.0 885.0 527.0
rust 0.8451349 314.0 330.0 348.0 367.0
rust 0.8393974000000001 768.0 487.0 787.0 523.0
rust 0.8383554 1036.0 543.0 1067.0 587.0
rust 0.83607864 898.0 548.0 929.0 594.0
rust 0.83413666 1194.0 699.0 1229.0 742.0
rust 0.8109959 762.0 456.0 782.0 496.0
rust 0.8079049 944.0 537.0 971.0 581.0
rust 0.80657756 1134.0 718.0 1156.0 746.0
rust 0.7978929 1455.0 771.0 1486.0 814.0
rust 0.7902325 1244.0 550.0 1283.0 586.0
rust 0.7780100000000001 1541.0 292.0 1567.0 325.0
rust 0.7628476 1571.0 295.0 1605.0 335.0
rust 0.75923413 1562.0 851.0 1601.0 887.0
rust 0.7440123000000001 1258.0 704.0 1290.0 750.0
rust 0.7282770000000001 1959.0 647.0 1991.0 687.0
rust 0.70924455 1684.0 315.0 1716.0 352.0
rust 0.69847655 883.0 659.0 923.0 700.0
rust 0.69696385 945.0 463.0 963.0 489.0
rust 0.696864 1668.0 240.0 1700.0 278.0
rust 0.6949233 1774.0 346.0 1798.0 376.0
rust 0.69117427 1518.0 870.0 1559.0 916.0
rust 0.68733907 1168.0 561.0 1198.0 597.0
rust 0.61963606 1751.0 560.0 1780.0 599.0
rust 0.6103041 1521.0 251.0 1557.0 294.0
rust 0.5598454 1014.0 597.0 1037.0 635.0
scab 0.5534704 1736.0 341.0 1757.0 374.0
rust 0.54755676 1797.0 701.0 1824.0 734.0
rust 0.5384823000000001 3.0 159.0 44.0 209.0
rust 0.48356295 996.0 555.0 1017.0 590.0
rust 0.42890012 1758.0 305.0 1794.0 338.0
rust 0.42790025 76.0 87.0 106.0 121.0
rust 0.37651426 1716.0 294.0 1743.0 332.0
rust 0.27804604 1325.0 432.0 1358.0 468.0
rust 0.24615593 988.0 1066.0 1014.0 1103.0
rust 0.2152935 813.0 4.0 844.0 45.0
rust 0.039832465 1701.0 308.0 1736.0 342.0
rust 0.036933593 663.0 379.0 698.0 444.0
scab 0.02848444 1645.0 1047.0 1692.0 1102.0
scab 0.023470128 1807.0 1188.0 1837.0 1220.0
scab 0.022289807 1409.0 158.0 1430.0 191.0
scab 0.021982633 1791.0 666.0 1811.0 695.0
scab 0.020170981 794.0 556.0 843.0 611.0
rust 0.019350968 1685.0 298.0 1742.0 354.0
scab 0.017611623 1176.0 321.0 1200.0 352.0
scab 0.016609853 1219.0 994.0 1239.0 1026.0
scab 0.0148307225 1769.0 1147.0 1793.0 1175.0
scab 0.0138992015 1079.0 557.0 1126.0 619.0
scab 0.01376898 1749.0 872.0 1771.0 907.0
scab 0.013308388 1126.0 301.0 1150.0 330.0
scab 0.012892608 938.0 698.0 968.0 730.0
scab 0.01237173 1220.0 448.0 1271.0 513.0
scab 0.012118013 1173.0 517.0 1193.0 544.0
scab 0.012073438 1340.0 223.0 1379.0 260.0
scab 0.010007664 1743.0 703.0 1765.0 736.0
