scab 0.6698090999999999 1939.0 780.0 2037.0 904.0
scab 0.60649496 1089.0 806.0 1172.0 922.0
scab 0.55543035 533.0 465.0 609.0 591.0
scab 0.51585156 484.0 801.0 567.0 925.0
scab 0.479554 1829.0 842.0 1906.0 919.0
scab 0.4505182 1454.0 976.0 1560.0 1111.0
scab 0.34822515 1739.0 635.0 1900.0 840.0
scab 0.34638855 748.0 866.0 847.0 937.0
scab 0.32021394 1683.0 853.0 1849.0 1066.0
scab 0.23806557 1004.0 692.0 1086.0 808.0
scab 0.23587535 1886.0 915.0 2018.0 1028.0
scab 0.22728974 748.0 1040.0 852.0 1123.0
scab 0.20499407 746.0 701.0 837.0 816.0
scab 0.19508351 1796.0 420.0 1887.0 492.0
scab 0.18613444 613.0 806.0 702.0 924.0
scab 0.17093778 632.0 559.0 782.0 681.0
scab 0.16134400000000002 1173.0 1009.0 1327.0 1159.0
scab 0.16047736 606.0 443.0 694.0 562.0
scab 0.15875533 1913.0 529.0 1995.0 601.0
scab 0.14978418 1175.0 724.0 1229.0 801.0
scab 0.14359798 641.0 821.0 694.0 897.0
scab 0.13300465 1986.0 1053.0 2048.0 1106.0
scab 0.12314781 1624.0 806.0 1672.0 888.0
scab 0.118019104 1615.0 1120.0 1776.0 1249.0
scab 0.11686518 1183.0 1089.0 1269.0 1154.0
scab 0.11438288 1278.0 700.0 1353.0 771.0
scab 0.09938218 1556.0 1125.0 1638.0 1240.0
scab 0.09869089 967.0 677.0 1008.0 746.0
scab 0.09497657 595.0 464.0 668.0 543.0
scab 0.09414079 906.0 646.0 1006.0 780.0
scab 0.092488416 593.0 937.0 752.0 1078.0
scab 0.09116725 1681.0 845.0 1780.0 990.0
scab 0.08539328 992.0 768.0 1084.0 895.0
scab 0.08378779 528.0 729.0 614.0 837.0
scab 0.08270344 1579.0 958.0 1634.0 1036.0
scab 0.082678646 1866.0 1023.0 1960.0 1148.0
scab 0.067149155 1607.0 766.0 1690.0 914.0
scab 0.067133605 933.0 863.0 1014.0 944.0
scab 0.06633425 1057.0 380.0 1193.0 507.0
scab 0.06541744599999999 1133.0 682.0 1179.0 739.0
scab 0.06448995 875.0 829.0 942.0 892.0
scab 0.059001748 1524.0 458.0 1680.0 616.0
scab 0.057323318 373.0 832.0 457.0 900.0
scab 0.056383282 2012.0 707.0 2048.0 772.0
scab 0.05497128 636.0 1008.0 738.0 1090.0
scab 0.054950137 738.0 856.0 909.0 950.0
scab 0.05481988 1844.0 734.0 1927.0 815.0
scab 0.05453372 1249.0 902.0 1294.0 956.0
scab 0.052603364000000014 1121.0 978.0 1217.0 1111.0
scab 0.051713396 533.0 454.0 689.0 584.0
scab 0.046333466 898.0 859.0 1037.0 1075.0
scab 0.04435923 1675.0 989.0 1722.0 1047.0
scab 0.04346651 1167.0 688.0 1249.0 813.0
scab 0.043189432 1257.0 429.0 1328.0 490.0
scab 0.042951938 1349.0 1045.0 1403.0 1110.0
scab 0.042771578 1526.0 709.0 1673.0 957.0
scab 0.042571045 744.0 488.0 766.0 521.0
scab 0.040899746 1764.0 899.0 1857.0 1028.0
scab 0.04023716 1547.0 463.0 1640.0 537.0
scab 0.03789516 730.0 1031.0 923.0 1129.0
scab 0.037422664 672.0 584.0 766.0 666.0
scab 0.035106197 1356.0 1125.0 1493.0 1232.0
scab 0.034279708 1285.0 689.0 1374.0 805.0
scab 0.032197956 301.0 183.0 446.0 312.0
scab 0.031601097 1737.0 738.0 1825.0 825.0
scab 0.03067334 348.0 773.0 484.0 898.0
scab 0.030219398 1806.0 505.0 1877.0 576.0
scab 0.027692648 1281.0 740.0 1355.0 808.0
scab 0.027655017 922.0 361.0 944.0 395.0
scab 0.027328048 1615.0 514.0 1688.0 585.0
scab 0.026749264 602.0 760.0 656.0 831.0
scab 0.026370566 859.0 329.0 906.0 384.0
scab 0.025399163 830.0 464.0 852.0 503.0
scab 0.025023794 824.0 865.0 902.0 948.0
scab 0.024353059 533.0 749.0 697.0 909.0
scab 0.023183234 883.0 830.0 1029.0 936.0
scab 0.022877872 1404.0 824.0 1450.0 890.0
scab 0.022414446 1640.0 786.0 1715.0 858.0
scab 0.022400012 1168.0 666.0 1245.0 730.0
scab 0.021696238 384.0 676.0 421.0 743.0
scab 0.020823563 1646.0 597.0 1699.0 665.0
scab 0.019434458 1389.0 895.0 1440.0 960.0
scab 0.01904791 429.0 806.0 485.0 880.0
scab 0.018933788 615.0 601.0 699.0 724.0
scab 0.018428333 1881.0 529.0 1933.0 606.0
scab 0.017471315 970.0 549.0 1052.0 683.0
scab 0.017242892 1072.0 619.0 1121.0 689.0
scab 0.01625933 920.0 703.0 972.0 775.0
scab 0.016147774 1549.0 675.0 1646.0 810.0
scab 0.015738927 1424.0 637.0 1508.0 766.0
scab 0.015672224 962.0 640.0 1011.0 707.0
scab 0.01545784 1025.0 806.0 1082.0 886.0
scab 0.015411306 889.0 840.0 927.0 880.0
scab 0.015352333 1802.0 496.0 1851.0 560.0
scab 0.015322316 1259.0 443.0 1295.0 482.0
scab 0.014853117 1132.0 676.0 1230.0 740.0
scab 0.014716149 832.0 573.0 883.0 637.0
scab 0.01459729 1573.0 487.0 1695.0 656.0
scab 0.014429063999999997 350.0 719.0 444.0 867.0
scab 0.0138284955 520.0 635.0 539.0 668.0
scab 0.013065527 1633.0 796.0 1739.0 951.0
scab 0.012924651 1719.0 987.0 1808.0 1105.0
scab 0.012697517 1103.0 647.0 1247.0 756.0
scab 0.012343667 450.0 720.0 674.0 937.0
scab 0.012158248 1619.0 726.0 1674.0 795.0
scab 0.011798184 1325.0 1130.0 1375.0 1195.0
scab 0.011423227 1646.0 1159.0 1742.0 1249.0
scab 0.011348423 921.0 972.0 1013.0 1096.0
scab 0.011239488999999998 1318.0 964.0 1364.0 1022.0
scab 0.011056341 832.0 1040.0 986.0 1150.0
scab 0.0107383225 1215.0 971.0 1244.0 1007.0
