scab 0.93519586 1221.0 846.0 1309.0 985.0
scab 0.8758556000000001 1040.0 545.0 1122.0 667.0
scab 0.6645948 984.0 862.0 1115.0 1000.0
scab 0.30748057 1798.0 1239.0 1820.0 1268.0
scab 0.30221927 700.0 818.0 815.0 895.0
scab 0.14993721 402.0 1112.0 485.0 1229.0
scab 0.14103316 211.0 825.0 363.0 930.0
scab 0.12566668 764.0 903.0 965.0 1012.0
scab 0.10045769 1500.0 968.0 1565.0 1023.0
scab 0.088740736 1405.0 1067.0 1449.0 1121.0
scab 0.08228610000000001 56.0 765.0 216.0 899.0
scab 0.070467524 402.0 623.0 440.0 661.0
scab 0.06109563 1111.0 895.0 1141.0 930.0
scab 0.052875243 1693.0 1194.0 1715.0 1223.0
scab 0.049996607 1585.0 1162.0 1609.0 1191.0
scab 0.04791348 362.0 735.0 425.0 791.0
scab 0.04433036 161.0 972.0 232.0 1053.0
scab 0.038391553 2015.0 815.0 2048.0 906.0
scab 0.034283567 356.0 698.0 388.0 734.0
scab 0.03304579 1620.0 954.0 1694.0 1029.0
scab 0.03055443 316.0 746.0 347.0 784.0
scab 0.024449004 388.0 504.0 414.0 539.0
scab 0.023727063 333.0 441.0 362.0 483.0
scab 0.022946129 491.0 390.0 521.0 427.0
scab 0.019066121 1060.0 1012.0 1129.0 1067.0
scab 0.01497917 1594.0 1074.0 1624.0 1110.0
scab 0.012701887 1426.0 1103.0 1448.0 1129.0
scab 0.011990149 950.0 573.0 978.0 611.0
scab 0.011583684 1331.0 845.0 1417.0 927.0
scab 0.011566711 176.0 521.0 205.0 561.0
scab 0.011503881 469.0 1069.0 518.0 1121.0
rust 0.011436546 1360.0 1066.0 1385.0 1092.0
