scab 0.46113712 1547.0 512.0 1631.0 634.0
scab 0.39570504 1683.0 986.0 1760.0 1110.0
scab 0.32577357 1312.0 400.0 1405.0 517.0
scab 0.292672 1568.0 900.0 1652.0 1023.0
scab 0.25010893 1501.0 983.0 1584.0 1099.0
scab 0.23654687 1661.0 715.0 1801.0 869.0
scab 0.19910416 1594.0 1014.0 1684.0 1135.0
scab 0.17435302 1270.0 824.0 1350.0 905.0
scab 0.17125045 1429.0 887.0 1519.0 1027.0
scab 0.13227998 1461.0 880.0 1559.0 1030.0
scab 0.10472805 1595.0 984.0 1754.0 1125.0
scab 0.07210104 1652.0 688.0 1881.0 929.0
scab 0.06312726 671.0 963.0 820.0 1117.0
scab 0.06274906 836.0 1001.0 980.0 1155.0
scab 0.059396468 1634.0 519.0 1724.0 642.0
scab 0.057999294000000014 1718.0 745.0 1815.0 902.0
scab 0.05764084 1625.0 394.0 1760.0 514.0
scab 0.054932375 1073.0 600.0 1269.0 715.0
scab 0.053581525 1264.0 817.0 1404.0 931.0
scab 0.04144607 1811.0 826.0 1903.0 944.0
scab 0.04088401 1242.0 931.0 1335.0 1058.0
scab 0.03735943 1811.0 731.0 1905.0 849.0
scab 0.036620717 1461.0 568.0 1548.0 650.0
scab 0.035602808 1200.0 613.0 1299.0 691.0
scab 0.03436066 1131.0 995.0 1306.0 1115.0
scab 0.0332855 1400.0 562.0 1544.0 666.0
scab 0.03326523 1509.0 885.0 1591.0 1037.0
scab 0.032578937999999995 1732.0 559.0 1782.0 627.0
scab 0.032177392 1307.0 569.0 1464.0 674.0
scab 0.031774934 1440.0 840.0 1583.0 1080.0
scab 0.03133902 650.0 302.0 838.0 425.0
scab 0.030041445 1261.0 1060.0 1358.0 1136.0
scab 0.02798373 1173.0 1023.0 1341.0 1135.0
scab 0.027522594 1064.0 956.0 1142.0 1035.0
scab 0.026749743 1075.0 897.0 1176.0 1037.0
scab 0.0255323 1340.0 969.0 1418.0 1059.0
scab 0.024998501 1134.0 543.0 1301.0 692.0
scab 0.024381338 446.0 525.0 613.0 637.0
scab 0.023639223 1226.0 1039.0 1311.0 1119.0
scab 0.023325473 1144.0 1010.0 1230.0 1096.0
scab 0.022659512000000003 1484.0 329.0 1635.0 421.0
scab 0.022627966 1013.0 927.0 1162.0 1058.0
scab 0.021723771 1495.0 482.0 1553.0 553.0
scab 0.02136139 534.0 800.0 642.0 954.0
scab 0.021025017000000003 1668.0 421.0 1768.0 555.0
scab 0.021001719 1613.0 548.0 1695.0 632.0
scab 0.020697586 1184.0 714.0 1264.0 845.0
scab 0.018067898 1315.0 857.0 1404.0 944.0
scab 0.018038485 1409.0 423.0 1463.0 499.0
scab 0.017188005 706.0 949.0 928.0 1166.0
scab 0.016150229 1737.0 851.0 1826.0 994.0
scab 0.016095026999999998 1125.0 1114.0 1291.0 1240.0
scab 0.015677316 1578.0 897.0 1716.0 1121.0
scab 0.015574346 1308.0 608.0 1402.0 685.0
scab 0.014973373 993.0 604.0 1182.0 720.0
scab 0.014611585 1000.0 1087.0 1104.0 1262.0
scab 0.014550224 1357.0 589.0 1440.0 668.0
scab 0.013819012 996.0 1171.0 1083.0 1246.0
scab 0.013681819 1583.0 932.0 1641.0 1008.0
scab 0.013677334 1174.0 544.0 1225.0 622.0
scab 0.013486052 1216.0 512.0 1310.0 648.0
scab 0.013324076 1726.0 753.0 1785.0 849.0
scab 0.01325691 913.0 587.0 1088.0 715.0
scab 0.013109815 1642.0 461.0 1748.0 613.0
scab 0.013033935 1246.0 977.0 1296.0 1041.0
scab 0.012492729 1726.0 557.0 1818.0 677.0
scab 0.012369038999999998 1212.0 974.0 1317.0 1126.0
scab 0.012001357 760.0 562.0 901.0 671.0
scab 0.011846929 1355.0 1214.0 1437.0 1285.0
scab 0.011791654 1287.0 841.0 1377.0 920.0
scab 0.011248961000000002 1265.0 1066.0 1414.0 1175.0
scab 0.01112129 1666.0 1066.0 1716.0 1129.0
scab 0.010361475 1735.0 755.0 1893.0 985.0
