rust 0.9071434000000002 1628.0 510.0 1708.0 576.0
rust 0.86947995 1477.0 854.0 1528.0 911.0
rust 0.8433347 1209.0 688.0 1275.0 759.0
scab 0.29588065 1637.0 730.0 1666.0 777.0
scab 0.18267483 653.0 1066.0 686.0 1103.0
scab 0.16394676 1580.0 748.0 1629.0 812.0
scab 0.13693024 700.0 1189.0 729.0 1227.0
scab 0.13582468 1375.0 553.0 1420.0 613.0
scab 0.13248022 1764.0 814.0 1792.0 843.0
scab 0.12727833 1724.0 844.0 1751.0 873.0
scab 0.124722116 1702.0 772.0 1744.0 829.0
scab 0.124441095 1649.0 779.0 1685.0 819.0
scab 0.10643988 1773.0 782.0 1799.0 812.0
scab 0.10215858 728.0 729.0 761.0 769.0
scab 0.07723252 1602.0 720.0 1632.0 765.0
scab 0.07621162 809.0 693.0 871.0 747.0
rust 0.07514223 259.0 1179.0 291.0 1217.0
scab 0.06438653 779.0 807.0 811.0 843.0
scab 0.062816896 531.0 903.0 564.0 938.0
scab 0.06259186 1751.0 754.0 1775.0 785.0
scab 0.048925687 1591.0 721.0 1636.0 794.0
scab 0.04754536 1210.0 1014.0 1286.0 1065.0
scab 0.043502927 999.0 776.0 1030.0 821.0
scab 0.04314059 612.0 996.0 660.0 1045.0
scab 0.042251896 1471.0 680.0 1505.0 719.0
scab 0.04179846 1718.0 723.0 1745.0 754.0
scab 0.036981307000000005 1442.0 526.0 1466.0 557.0
scab 0.0349563 1454.0 563.0 1476.0 598.0
scab 0.0321005 1464.0 586.0 1492.0 626.0
scab 0.032054655 772.0 1173.0 801.0 1208.0
scab 0.031457447 1108.0 569.0 1133.0 604.0
scab 0.030766468 913.0 836.0 984.0 900.0
scab 0.027995761 459.0 552.0 493.0 594.0
scab 0.026873108 335.0 631.0 369.0 671.0
scab 0.026788494 241.0 1061.0 268.0 1108.0
scab 0.026297448 1936.0 594.0 1959.0 625.0
rust 0.023714177000000003 1415.0 398.0 1436.0 429.0
scab 0.023638459 368.0 152.0 420.0 209.0
scab 0.022008102 1528.0 717.0 1559.0 755.0
scab 0.021997537 1436.0 778.0 1490.0 835.0
scab 0.020797871 1307.0 740.0 1331.0 775.0
scab 0.02011319 612.0 1179.0 639.0 1216.0
rust 0.020018468 1469.0 567.0 1496.0 606.0
scab 0.019763112 1440.0 572.0 1492.0 644.0
scab 0.019269565 547.0 382.0 578.0 420.0
scab 0.019002045 236.0 678.0 288.0 751.0
scab 0.018852832 1585.0 699.0 1681.0 821.0
scab 0.01868272 1724.0 414.0 1749.0 446.0
scab 0.01734412 512.0 940.0 541.0 974.0
scab 0.017275194 1177.0 484.0 1205.0 524.0
scab 0.016860968 1032.0 476.0 1065.0 516.0
scab 0.016304497 357.0 850.0 453.0 987.0
scab 0.01615117 1880.0 685.0 1903.0 717.0
scab 0.015129016 738.0 1226.0 763.0 1257.0
scab 0.014400631 714.0 490.0 759.0 548.0
scab 0.014334913 680.0 293.0 708.0 333.0
scab 0.013888757 987.0 201.0 1036.0 256.0
scab 0.013389541 1185.0 679.0 1221.0 718.0
scab 0.012869683 480.0 423.0 511.0 460.0
rust 0.012712266000000002 1469.0 493.0 1493.0 525.0
scab 0.012316555 876.0 91.0 910.0 129.0
scab 0.012281253 1615.0 731.0 1641.0 773.0
scab 0.011769898 132.0 332.0 161.0 365.0
scab 0.011736114 319.0 503.0 345.0 544.0
scab 0.011526672 1457.0 560.0 1502.0 622.0
scab 0.01056675 1323.0 444.0 1347.0 475.0
scab 0.010495408 1608.0 724.0 1655.0 785.0
scab 0.010334373 1433.0 551.0 1518.0 685.0
scab 0.010174474 388.0 1060.0 444.0 1140.0
scab 0.010025291 1825.0 741.0 1855.0 784.0
