rust 0.9424479 433.0 404.0 473.0 469.0
rust 0.9036708 559.0 515.0 604.0 583.0
rust 0.88766223 652.0 280.0 701.0 348.0
rust 0.7718286999999999 1072.0 272.0 1116.0 330.0
rust 0.7196635 921.0 546.0 964.0 598.0
rust 0.6826049 657.0 422.0 702.0 482.0
rust 0.5699377 696.0 917.0 737.0 976.0
rust 0.48691124 398.0 427.0 427.0 477.0
rust 0.3227531 940.0 606.0 987.0 654.0
rust 0.23680167 1712.0 431.0 1774.0 517.0
rust 0.10265122 1371.0 580.0 1411.0 619.0
rust 0.04013973 1686.0 1037.0 1732.0 1088.0
scab 0.017781973 1339.0 730.0 1428.0 920.0
scab 0.012436065 1057.0 223.0 1211.0 331.0
rust 0.010744555 636.0 256.0 710.0 369.0
