rust 0.8866575999999999 785.0 542.0 872.0 662.0
rust 0.8794294 805.0 788.0 938.0 902.0
scab 0.65836865 0.0 149.0 78.0 299.0
scab 0.38790268 366.0 178.0 453.0 263.0
scab 0.30743903 266.0 275.0 400.0 378.0
scab 0.285649 450.0 217.0 623.0 388.0
scab 0.17232379999999994 749.0 87.0 804.0 152.0
scab 0.1456389 331.0 269.0 423.0 351.0
scab 0.077552654 61.0 0.0 214.0 114.0
scab 0.049496096 218.0 254.0 264.0 312.0
scab 0.044071514000000006 729.0 26.0 776.0 85.0
scab 0.042336896 69.0 0.0 162.0 75.0
scab 0.037564427 259.0 430.0 305.0 494.0
scab 0.018284218 465.0 120.0 498.0 161.0
scab 0.018071515 147.0 3.0 211.0 59.0
scab 0.017734647 271.0 292.0 358.0 415.0
scab 0.014640868 255.0 387.0 327.0 512.0
scab 0.0144656105 279.0 367.0 334.0 433.0
scab 0.011692774 0.0 811.0 72.0 948.0
scab 0.011267332 601.0 276.0 657.0 351.0
scab 0.011027312 576.0 248.0 667.0 376.0
scab 0.010576171 508.0 127.0 577.0 190.0
