scab 0.7025066 693.0 601.0 777.0 732.0
scab 0.5194523 1211.0 641.0 1308.0 786.0
scab 0.5121879 1017.0 762.0 1092.0 831.0
scab 0.40422896 782.0 525.0 882.0 715.0
scab 0.3847465 910.0 479.0 1000.0 604.0
scab 0.3508978 1070.0 632.0 1179.0 779.0
scab 0.31300843 1213.0 465.0 1372.0 617.0
scab 0.2985608 582.0 509.0 674.0 659.0
scab 0.26017845 908.0 574.0 955.0 631.0
scab 0.24198960000000005 1343.0 627.0 1451.0 799.0
scab 0.24176502 387.0 520.0 451.0 579.0
scab 0.23682159 593.0 728.0 744.0 821.0
scab 0.17858641 450.0 646.0 526.0 760.0
scab 0.16043131 702.0 820.0 763.0 876.0
scab 0.15486513 1187.0 512.0 1261.0 622.0
scab 0.13504660000000002 63.0 178.0 95.0 221.0
scab 0.1171199 1057.0 554.0 1111.0 630.0
scab 0.11262431 844.0 654.0 930.0 771.0
scab 0.10684949 1142.0 615.0 1213.0 698.0
scab 0.09968599 1039.0 517.0 1126.0 640.0
scab 0.09658967 454.0 808.0 503.0 876.0
scab 0.09358721 706.0 478.0 787.0 595.0
scab 0.084538616 1285.0 658.0 1330.0 729.0
scab 0.07137510000000001 1419.0 832.0 1517.0 983.0
scab 0.06903778 904.0 624.0 955.0 670.0
rust 0.06552299 492.0 469.0 564.0 540.0
scab 0.06506245599999999 978.0 831.0 1051.0 897.0
scab 0.06426302 522.0 518.0 616.0 655.0
scab 0.062318146 1287.0 765.0 1337.0 834.0
scab 0.06197388 451.0 770.0 527.0 889.0
scab 0.05528061 1301.0 511.0 1385.0 624.0
scab 0.052925218 580.0 681.0 667.0 819.0
scab 0.050633665 399.0 795.0 448.0 856.0
scab 0.049846094 472.0 644.0 525.0 715.0
scab 0.04714522 603.0 670.0 652.0 728.0
scab 0.044396847 1171.0 779.0 1249.0 890.0
scab 0.041251425 1030.0 615.0 1079.0 692.0
scab 0.04053349 727.0 767.0 772.0 835.0
scab 0.033930507 669.0 740.0 756.0 822.0
scab 0.031913783 1059.0 679.0 1141.0 798.0
rust 0.029974213 735.0 802.0 767.0 835.0
scab 0.029594166 571.0 649.0 653.0 772.0
scab 0.028572017 787.0 470.0 868.0 593.0
scab 0.027663728 508.0 550.0 587.0 667.0
scab 0.026951823 1180.0 636.0 1329.0 857.0
scab 0.026636546 837.0 1033.0 896.0 1111.0
scab 0.025777193 1262.0 766.0 1346.0 887.0
scab 0.025119448 469.0 743.0 540.0 812.0
scab 0.02399653 874.0 340.0 972.0 478.0
scab 0.023955185 1293.0 726.0 1383.0 850.0
scab 0.023736117 301.0 164.0 353.0 241.0
scab 0.02344608 1374.0 614.0 1459.0 726.0
scab 0.022238716 1118.0 577.0 1170.0 644.0
scab 0.022123082 626.0 729.0 718.0 797.0
scab 0.020622835 1457.0 680.0 1543.0 815.0
scab 0.020005703 849.0 841.0 926.0 893.0
scab 0.018982925 460.0 822.0 491.0 864.0
scab 0.018524583 1392.0 810.0 1485.0 960.0
scab 0.018265685 1509.0 838.0 1604.0 1009.0
scab 0.018191423 470.0 791.0 520.0 854.0
scab 0.017821802 929.0 837.0 1071.0 929.0
scab 0.017395493 461.0 719.0 494.0 759.0
scab 0.017243553000000002 1039.0 747.0 1069.0 778.0
scab 0.015737694 787.0 557.0 936.0 755.0
scab 0.014961908 658.0 337.0 751.0 482.0
scab 0.01495977 783.0 856.0 864.0 914.0
scab 0.014435493 922.0 948.0 976.0 1029.0
scab 0.014168356000000003 677.0 505.0 761.0 584.0
scab 0.013841937 479.0 804.0 512.0 843.0
scab 0.013381135 1247.0 662.0 1345.0 826.0
scab 0.013102032 995.0 520.0 1073.0 600.0
scab 0.012269888 1124.0 618.0 1215.0 782.0
scab 0.0117605 886.0 556.0 959.0 679.0
scab 0.011622702 398.0 541.0 437.0 579.0
scab 0.011506549 397.0 326.0 429.0 367.0
scab 0.011278004 423.0 679.0 447.0 715.0
scab 0.011244311000000002 1273.0 642.0 1432.0 845.0
scab 0.011207405 1167.0 778.0 1342.0 881.0
scab 0.01115739 520.0 593.0 571.0 660.0
scab 0.011030838 1406.0 615.0 1463.0 690.0
scab 0.011030823 1185.0 822.0 1257.0 899.0
scab 0.011016843 394.0 88.0 446.0 154.0
scab 0.010971684 1168.0 665.0 1269.0 827.0
scab 0.010743845 784.0 291.0 960.0 419.0
scab 0.010721659 684.0 413.0 714.0 451.0
scab 0.010390613 622.0 461.0 654.0 497.0
scab 0.010366082 492.0 760.0 549.0 834.0
