scab 0.8072854 654.0 850.0 734.0 923.0
scab 0.7866281999999999 487.0 388.0 585.0 530.0
scab 0.7712325 737.0 659.0 834.0 777.0
scab 0.7447441 817.0 521.0 961.0 681.0
scab 0.7063645000000001 1279.0 698.0 1384.0 871.0
scab 0.6675569 216.0 751.0 367.0 879.0
scab 0.64269096 1387.0 787.0 1471.0 905.0
scab 0.63873434 358.0 841.0 477.0 939.0
scab 0.57075727 1195.0 613.0 1299.0 736.0
scab 0.48240227 992.0 877.0 1096.0 1068.0
scab 0.43306175 1338.0 501.0 1453.0 598.0
scab 0.38894597 576.0 862.0 648.0 914.0
scab 0.38256267 62.0 547.0 152.0 675.0
scab 0.35960287 393.0 509.0 490.0 648.0
scab 0.33990970000000004 1038.0 764.0 1146.0 916.0
scab 0.32061148 172.0 556.0 299.0 683.0
scab 0.31510755 182.0 394.0 316.0 491.0
scab 0.2642185 1023.0 576.0 1186.0 761.0
scab 0.20523083 448.0 586.0 554.0 736.0
scab 0.19144529 1467.0 559.0 1554.0 645.0
scab 0.15936838 306.0 521.0 394.0 658.0
scab 0.15914516 1014.0 53.0 1135.0 164.0
scab 0.15436068 399.0 542.0 566.0 792.0
scab 0.1431937 1089.0 558.0 1185.0 695.0
scab 0.108761944 1355.0 996.0 1493.0 1125.0
scab 0.104874514 570.0 437.0 669.0 565.0
scab 0.09242959 487.0 403.0 665.0 556.0
scab 0.0906567 1239.0 424.0 1308.0 479.0
scab 0.06331778 1003.0 791.0 1150.0 1044.0
scab 0.05540372 404.0 681.0 497.0 803.0
scab 0.045877095 1939.0 86.0 2016.0 156.0
scab 0.03560894 808.0 956.0 875.0 1024.0
scab 0.03465601 1322.0 810.0 1378.0 881.0
scab 0.033690758 359.0 529.0 463.0 686.0
scab 0.03247885 1569.0 649.0 1717.0 755.0
scab 0.031885672000000004 1112.0 780.0 1169.0 860.0
scab 0.03156543 1015.0 682.0 1065.0 750.0
scab 0.030084144 55.0 550.0 231.0 693.0
scab 0.029480165 1035.0 638.0 1131.0 760.0
scab 0.024050033 105.0 533.0 313.0 722.0
scab 0.019105352 1201.0 672.0 1293.0 752.0
scab 0.01887286 225.0 551.0 302.0 630.0
scab 0.018475411 1240.0 516.0 1293.0 582.0
scab 0.017755732 289.0 525.0 513.0 712.0
scab 0.0176612 771.0 959.0 880.0 1131.0
scab 0.016571483 1264.0 764.0 1352.0 894.0
scab 0.014605934 1265.0 800.0 1321.0 878.0
scab 0.014356632 157.0 552.0 241.0 701.0
scab 0.011110754 1582.0 1.0 1680.0 68.0
scab 0.010071433 1940.0 44.0 2043.0 172.0
