scab 0.6577668999999999 1263.0 754.0 1409.0 972.0
scab 0.4787957000000001 645.0 797.0 741.0 925.0
scab 0.40802714 1704.0 713.0 1821.0 877.0
scab 0.25697225 1099.0 654.0 1247.0 775.0
scab 0.15251058 1417.0 779.0 1519.0 911.0
scab 0.14649592 1545.0 740.0 1631.0 821.0
scab 0.13301887 1530.0 663.0 1691.0 833.0
scab 0.07057206 1161.0 662.0 1246.0 728.0
scab 0.04702951 1542.0 627.0 1789.0 860.0
scab 0.035304476 120.0 1215.0 264.0 1331.0
scab 0.033245225 1741.0 290.0 1834.0 415.0
scab 0.026842682000000003 1635.0 679.0 1727.0 825.0
scab 0.021883225 822.0 507.0 919.0 649.0
scab 0.021839414 1621.0 791.0 1677.0 860.0
scab 0.020874994 1682.0 684.0 1783.0 835.0
rust 0.01903525 1912.0 335.0 1992.0 418.0
scab 0.01795584 1564.0 647.0 1656.0 708.0
scab 0.015463321499999997 898.0 720.0 948.0 791.0
scab 0.014061195 1345.0 794.0 1397.0 854.0
scab 0.013693265 803.0 797.0 847.0 850.0
scab 0.013305351000000002 551.0 794.0 630.0 856.0
