scab 0.78812546 1066.0 450.0 1143.0 518.0
scab 0.63460416 815.0 745.0 906.0 807.0
scab 0.32296035 996.0 848.0 1078.0 967.0
scab 0.28403379999999995 1073.0 701.0 1126.0 762.0
rust 0.24738069 865.0 922.0 915.0 980.0
scab 0.2424206 1445.0 610.0 1491.0 656.0
scab 0.2101174 1607.0 564.0 1653.0 616.0
scab 0.18690358 577.0 397.0 669.0 466.0
scab 0.15978317 1565.0 615.0 1601.0 652.0
scab 0.13936085 1336.0 816.0 1386.0 873.0
scab 0.13227443 1076.0 844.0 1132.0 916.0
scab 0.116896905 833.0 818.0 1001.0 945.0
scab 0.09188933 939.0 947.0 976.0 983.0
scab 0.08377322599999999 800.0 763.0 1033.0 1009.0
scab 0.077207096 1256.0 339.0 1293.0 376.0
scab 0.07589988 576.0 766.0 649.0 836.0
scab 0.06857360000000001 877.0 786.0 946.0 856.0
scab 0.0635264 790.0 251.0 827.0 288.0
scab 0.059524365 1279.0 735.0 1315.0 769.0
scab 0.05122768 832.0 848.0 923.0 978.0
scab 0.0399584 597.0 276.0 628.0 313.0
scab 0.038453296 1170.0 590.0 1246.0 660.0
scab 0.036897622000000005 992.0 785.0 1024.0 820.0
scab 0.035078008 1022.0 850.0 1077.0 926.0
scab 0.028780969 1112.0 535.0 1181.0 599.0
scab 0.026329553 970.0 871.0 1020.0 937.0
scab 0.024671583 797.0 848.0 888.0 919.0
scab 0.024331577000000004 1145.0 741.0 1218.0 818.0
scab 0.02415176 1191.0 444.0 1224.0 480.0
scab 0.022801075 1036.0 518.0 1121.0 579.0
scab 0.02251893 808.0 952.0 883.0 1022.0
scab 0.021468557000000003 926.0 839.0 1009.0 927.0
scab 0.021439677 1077.0 939.0 1110.0 973.0
scab 0.020011555 1214.0 810.0 1286.0 887.0
scab 0.01949487 1025.0 927.0 1057.0 966.0
scab 0.019071441 1055.0 822.0 1140.0 931.0
scab 0.018980775 1188.0 363.0 1257.0 428.0
scab 0.018390248 1252.0 335.0 1321.0 403.0
scab 0.01815451 1218.0 743.0 1272.0 815.0
scab 0.017723583 677.0 1309.0 708.0 1345.0
scab 0.017394831 1006.0 959.0 1037.0 990.0
scab 0.017073197 1068.0 315.0 1169.0 390.0
scab 0.015090343 890.0 867.0 966.0 943.0
scab 0.014462838 917.0 831.0 1074.0 940.0
scab 0.014307222 974.0 822.0 1007.0 858.0
rust 0.013389157 620.0 395.0 669.0 447.0
scab 0.012546859 151.0 1190.0 199.0 1258.0
scab 0.012366121 721.0 808.0 756.0 846.0
scab 0.011704107 592.0 269.0 664.0 342.0
scab 0.010853398 1842.0 628.0 2036.0 866.0
scab 0.0104662655 1185.0 439.0 1266.0 523.0
