scab 0.82326525 700.0 355.0 786.0 473.0
scab 0.6401384 339.0 654.0 413.0 726.0
scab 0.60089236 919.0 163.0 999.0 279.0
scab 0.5594698 540.0 379.0 614.0 496.0
scab 0.48717558 657.0 274.0 736.0 356.0
scab 0.39407173 425.0 464.0 482.0 548.0
scab 0.3763024 532.0 604.0 612.0 712.0
scab 0.36860597 969.0 637.0 1047.0 703.0
scab 0.32746807 475.0 210.0 514.0 276.0
scab 0.24277456 924.0 545.0 1024.0 693.0
scab 0.20977288 566.0 270.0 593.0 313.0
scab 0.19183832 1468.0 237.0 1534.0 293.0
scab 0.15810648 436.0 252.0 476.0 320.0
scab 0.12900186 1531.0 396.0 1577.0 471.0
scab 0.111353755 1389.0 35.0 1441.0 107.0
scab 0.09477183 77.0 648.0 215.0 780.0
scab 0.080312185 1217.0 9.0 1289.0 61.0
scab 0.07981275 927.0 568.0 984.0 645.0
scab 0.07330717 945.0 600.0 1041.0 719.0
scab 0.05485962 159.0 143.0 247.0 219.0
scab 0.047254954 1313.0 599.0 1358.0 661.0
scab 0.04642604 960.0 526.0 1035.0 606.0
scab 0.035648663 1277.0 831.0 1306.0 868.0
scab 0.032965984 1204.0 392.0 1234.0 426.0
scab 0.027933212 451.0 180.0 532.0 301.0
scab 0.02753006 426.0 643.0 499.0 701.0
scab 0.024541106 1020.0 906.0 1043.0 945.0
scab 0.023977384 1528.0 292.0 1551.0 325.0
scab 0.017797995 246.0 428.0 299.0 492.0
scab 0.016441582 1417.0 186.0 1455.0 223.0
scab 0.01456285 1517.0 380.0 1589.0 497.0
scab 0.014008184 841.0 759.0 876.0 800.0
scab 0.012643222 1310.0 567.0 1329.0 608.0
scab 0.011443869 1483.0 248.0 1525.0 286.0
