rust 0.92300254 1207.0 622.0 1259.0 683.0
rust 0.9117636 927.0 527.0 971.0 592.0
rust 0.9017533 818.0 748.0 868.0 808.0
rust 0.85180986 1756.0 799.0 1799.0 851.0
rust 0.80308664 890.0 759.0 937.0 813.0
rust 0.637387 1531.0 805.0 1577.0 855.0
rust 0.6063754 978.0 699.0 1011.0 740.0
rust 0.46255955 1100.0 371.0 1138.0 408.0
rust 0.32459688 632.0 657.0 681.0 702.0
scab 0.03744367 855.0 510.0 909.0 578.0
scab 0.029371781 277.0 555.0 328.0 620.0
scab 0.018401053 1314.0 477.0 1464.0 605.0
scab 0.01300327 1221.0 492.0 1377.0 597.0
scab 0.012622138 1346.0 870.0 1376.0 910.0
scab 0.01174573 488.0 895.0 649.0 1014.0
scab 0.011213817 1350.0 555.0 1395.0 622.0
