rust 0.955821 890.0 394.0 967.0 496.0
rust 0.94825524 380.0 932.0 464.0 1006.0
rust 0.9446203 816.0 376.0 867.0 456.0
rust 0.938071 912.0 751.0 991.0 809.0
rust 0.9281494 899.0 315.0 973.0 387.0
rust 0.9254223 608.0 725.0 691.0 843.0
rust 0.91671896 355.0 646.0 435.0 755.0
rust 0.88257456 1411.0 674.0 1465.0 746.0
rust 0.8660662 1278.0 527.0 1332.0 605.0
rust 0.7978585 583.0 497.0 662.0 582.0
rust 0.6607509 1516.0 709.0 1575.0 791.0
rust 0.5877137 1431.0 462.0 1504.0 547.0
rust 0.5793566 1696.0 833.0 1750.0 899.0
rust 0.4621632000000001 199.0 898.0 265.0 966.0
rust 0.33354583 1402.0 811.0 1436.0 846.0
rust 0.3207409 1752.0 822.0 1797.0 899.0
rust 0.20707949 1556.0 481.0 1607.0 552.0
scab 0.10598575 1793.0 937.0 1821.0 967.0
rust 0.05864735 1797.0 775.0 1850.0 861.0
rust 0.047245335 1312.0 1023.0 1432.0 1137.0
scab 0.038942613 973.0 586.0 1017.0 640.0
scab 0.02524903 1160.0 830.0 1291.0 924.0
rust 0.020460658 1614.0 928.0 1640.0 957.0
