rust 0.8872333 1470.0 816.0 1522.0 874.0
rust 0.8792789000000001 253.0 562.0 295.0 619.0
rust 0.83892995 358.0 477.0 402.0 540.0
rust 0.82716835 1533.0 694.0 1565.0 726.0
rust 0.690938 1134.0 329.0 1200.0 389.0
rust 0.59751654 1551.0 726.0 1594.0 762.0
rust 0.5885734 934.0 637.0 982.0 691.0
scab 0.0375873 1250.0 724.0 1340.0 840.0
scab 0.023761036 1763.0 999.0 1794.0 1039.0
scab 0.021988185 1715.0 888.0 1753.0 927.0
scab 0.021280656 1631.0 938.0 1660.0 973.0
rust 0.015469501 1122.0 304.0 1207.0 415.0
