scab 0.7942194 372.0 643.0 454.0 696.0
scab 0.72475153 1253.0 639.0 1327.0 755.0
scab 0.62769794 758.0 605.0 834.0 661.0
scab 0.62008494 914.0 516.0 988.0 576.0
scab 0.4423023 1156.0 486.0 1208.0 559.0
scab 0.4386778 1237.0 525.0 1289.0 598.0
scab 0.38721672 550.0 580.0 614.0 631.0
scab 0.35396817 862.0 684.0 953.0 812.0
scab 0.3497539 1185.0 578.0 1228.0 636.0
scab 0.2702698 641.0 635.0 699.0 714.0
scab 0.25993308 1440.0 763.0 1528.0 843.0
scab 0.25602335 1010.0 401.0 1062.0 475.0
scab 0.24633496 990.0 656.0 1046.0 726.0
scab 0.23226924 1584.0 771.0 1650.0 838.0
scab 0.20013432 998.0 390.0 1074.0 506.0
scab 0.18048383 1173.0 801.0 1224.0 881.0
scab 0.16396508 1318.0 637.0 1396.0 776.0
scab 0.15530238 555.0 489.0 623.0 545.0
scab 0.14531092 996.0 676.0 1086.0 817.0
scab 0.14000991 821.0 909.0 908.0 976.0
scab 0.1307133 909.0 508.0 992.0 628.0
scab 0.12494425 894.0 827.0 967.0 892.0
scab 0.12318108 788.0 364.0 864.0 435.0
scab 0.123093106 1028.0 499.0 1082.0 583.0
scab 0.11799104 1173.0 636.0 1207.0 679.0
scab 0.1143086 1275.0 815.0 1414.0 915.0
scab 0.11298274 845.0 709.0 938.0 867.0
scab 0.10338782 1205.0 747.0 1255.0 806.0
scab 0.09923925 1412.0 510.0 1457.0 574.0
scab 0.09880779 1524.0 745.0 1574.0 798.0
scab 0.09162194 1091.0 581.0 1161.0 640.0
scab 0.08935177 1346.0 637.0 1401.0 701.0
scab 0.089218155 348.0 528.0 441.0 601.0
scab 0.085203715 1485.0 481.0 1559.0 553.0
scab 0.0839596 1112.0 876.0 1160.0 933.0
scab 0.08366609 1322.0 363.0 1391.0 432.0
scab 0.08313623 1461.0 645.0 1511.0 703.0
scab 0.08222614 1003.0 398.0 1090.0 583.0
scab 0.08129279 1291.0 545.0 1340.0 599.0
scab 0.07553007 1483.0 481.0 1530.0 535.0
scab 0.06661009 1225.0 766.0 1312.0 899.0
scab 0.06517002 895.0 692.0 949.0 774.0
scab 0.06495768 1249.0 786.0 1294.0 852.0
scab 0.06459548 908.0 595.0 990.0 649.0
scab 0.06277146 658.0 529.0 690.0 563.0
scab 0.0605262 1327.0 692.0 1378.0 781.0
scab 0.06045818 840.0 596.0 892.0 660.0
scab 0.060090087 738.0 350.0 770.0 384.0
scab 0.0564846 1293.0 828.0 1376.0 897.0
scab 0.04908373 1001.0 815.0 1087.0 932.0
scab 0.039926372 827.0 516.0 860.0 556.0
scab 0.039513 313.0 529.0 399.0 603.0
scab 0.038938742 1008.0 742.0 1062.0 815.0
scab 0.037763014 714.0 541.0 745.0 577.0
scab 0.0374397 1139.0 404.0 1191.0 468.0
scab 0.036230613 1412.0 661.0 1456.0 722.0
scab 0.03540043 1246.0 499.0 1293.0 556.0
scab 0.033823818 1105.0 870.0 1139.0 909.0
scab 0.03238297 1021.0 868.0 1088.0 933.0
scab 0.03012791 476.0 531.0 515.0 566.0
scab 0.029290192000000007 212.0 729.0 236.0 758.0
scab 0.028438807000000007 651.0 529.0 701.0 604.0
scab 0.028174521 1213.0 389.0 1282.0 453.0
scab 0.026329365 273.0 639.0 305.0 675.0
scab 0.02493314 1037.0 482.0 1109.0 565.0
scab 0.02283608 1256.0 783.0 1285.0 827.0
scab 0.022754781 919.0 447.0 968.0 509.0
scab 0.022686599 857.0 591.0 958.0 655.0
scab 0.02146644 1421.0 634.0 1511.0 708.0
scab 0.020079626 1583.0 723.0 1678.0 850.0
scab 0.019792471 661.0 565.0 694.0 606.0
scab 0.019176878 981.0 644.0 1057.0 763.0
scab 0.019159243 1144.0 784.0 1226.0 896.0
scab 0.018891571 1341.0 611.0 1417.0 727.0
scab 0.018464252 1079.0 658.0 1125.0 719.0
scab 0.0180926 1246.0 826.0 1336.0 901.0
scab 0.018011483999999998 1393.0 435.0 1442.0 486.0
scab 0.017459435 723.0 497.0 751.0 534.0
scab 0.017232671 1549.0 437.0 1580.0 473.0
scab 0.016878746 939.0 527.0 990.0 592.0
scab 0.016277345 188.0 651.0 220.0 690.0
scab 0.015802559 1090.0 390.0 1122.0 431.0
scab 0.0157503 863.0 769.0 958.0 893.0
scab 0.014914796 1598.0 640.0 1673.0 712.0
scab 0.014512966 628.0 656.0 686.0 733.0
scab 0.014183949 1264.0 618.0 1312.0 682.0
scab 0.013948048 747.0 568.0 780.0 609.0
scab 0.01386211 1551.0 670.0 1652.0 830.0
scab 0.0135555165 879.0 362.0 929.0 421.0
scab 0.013515456 809.0 524.0 839.0 563.0
scab 0.013209216 1320.0 623.0 1397.0 688.0
scab 0.012826105 1117.0 532.0 1165.0 598.0
scab 0.01281515 1565.0 702.0 1617.0 768.0
scab 0.012807768999999998 590.0 493.0 624.0 527.0
scab 0.012734549 1419.0 380.0 1451.0 419.0
scab 0.012731882 1363.0 798.0 1432.0 856.0
scab 0.012391444 632.0 691.0 670.0 731.0
scab 0.0120961405 1131.0 829.0 1159.0 865.0
scab 0.012079895 456.0 647.0 494.0 682.0
scab 0.011562753500000002 801.0 512.0 853.0 570.0
scab 0.011290219 424.0 641.0 494.0 690.0
scab 0.011003551 1019.0 700.0 1087.0 776.0
scab 0.010961133 1051.0 558.0 1099.0 613.0
scab 0.010339139 469.0 518.0 535.0 576.0
scab 0.010263442 1240.0 860.0 1291.0 909.0
scab 0.010048056 1142.0 439.0 1218.0 567.0
