rust 0.9233289 888.0 294.0 963.0 352.0
rust 0.89541703 956.0 343.0 1024.0 415.0
rust 0.84759563 579.0 855.0 648.0 931.0
rust 0.8336336 1240.0 610.0 1293.0 699.0
rust 0.83286494 622.0 510.0 674.0 585.0
rust 0.55664325 662.0 350.0 726.0 411.0
rust 0.29778785 771.0 576.0 813.0 643.0
rust 0.22122902 61.0 859.0 140.0 942.0
rust 0.17462641 0.0 988.0 33.0 1077.0
scab 0.13982813 392.0 764.0 475.0 875.0
rust 0.124659635 0.0 657.0 34.0 738.0
scab 0.056330334 501.0 714.0 587.0 791.0
scab 0.053000823 693.0 595.0 785.0 727.0
scab 0.028941186 483.0 720.0 578.0 854.0
scab 0.01835132 1674.0 489.0 1844.0 636.0
scab 0.015275761 393.0 787.0 447.0 859.0
scab 0.013542605 1028.0 424.0 1078.0 486.0
scab 0.013478048 671.0 594.0 754.0 661.0
