rust 0.974741 886.0 415.0 1012.0 550.0
rust 0.9732983 910.0 293.0 1011.0 403.0
rust 0.84087485 1188.0 493.0 1259.0 565.0
rust 0.6766562 139.0 842.0 190.0 896.0
rust 0.6688166999999999 151.0 947.0 201.0 996.0
scab 0.31509575 531.0 990.0 568.0 1028.0
rust 0.31049618 1600.0 938.0 1679.0 1017.0
scab 0.15004405 558.0 900.0 605.0 956.0
rust 0.113265686 697.0 609.0 734.0 650.0
scab 0.10898144 359.0 724.0 381.0 757.0
scab 0.09195635 346.0 925.0 410.0 982.0
scab 0.08988939 234.0 901.0 302.0 961.0
scab 0.028174778 877.0 1030.0 907.0 1073.0
scab 0.022319203 295.0 1000.0 326.0 1037.0
rust 0.022108763 340.0 753.0 412.0 810.0
scab 0.016438259 929.0 891.0 966.0 930.0
rust 0.015733602 936.0 461.0 955.0 501.0
scab 0.013058708999999998 677.0 1087.0 752.0 1159.0
scab 0.012828524 338.0 717.0 362.0 757.0
rust 0.012124316 1144.0 6.0 1297.0 107.0
scab 0.01139118 53.0 923.0 85.0 963.0
rust 0.010698284 355.0 764.0 393.0 797.0
