rust 0.94799024 821.0 631.0 901.0 700.0
rust 0.9389263 963.0 496.0 1035.0 561.0
rust 0.9281857 1445.0 742.0 1494.0 805.0
rust 0.9167958 1475.0 953.0 1527.0 1022.0
rust 0.8926400999999999 1289.0 894.0 1365.0 975.0
rust 0.83239055 896.0 724.0 952.0 800.0
rust 0.7903956 414.0 1028.0 459.0 1079.0
rust 0.76234746 1283.0 809.0 1354.0 884.0
rust 0.749884 1710.0 192.0 1774.0 247.0
rust 0.74377036 1356.0 1004.0 1407.0 1059.0
rust 0.72811395 417.0 146.0 506.0 256.0
rust 0.7068069 1534.0 974.0 1618.0 1037.0
rust 0.59010434 1300.0 380.0 1383.0 435.0
rust 0.5524701999999999 1365.0 1056.0 1420.0 1125.0
rust 0.5273821 1787.0 336.0 1824.0 378.0
rust 0.45609376 997.0 359.0 1035.0 400.0
scab 0.3924995 1764.0 1287.0 1834.0 1342.0
scab 0.1468122 766.0 700.0 842.0 765.0
scab 0.11519997 1290.0 655.0 1388.0 735.0
scab 0.10370106 659.0 956.0 717.0 1032.0
rust 0.096203335 618.0 181.0 674.0 262.0
scab 0.07684896 1386.0 856.0 1440.0 925.0
rust 0.072652414 660.0 696.0 719.0 747.0
scab 0.04640944 981.0 743.0 1008.0 776.0
scab 0.0426359 1104.0 728.0 1133.0 761.0
scab 0.035699606 780.0 711.0 816.0 752.0
scab 0.016826555 758.0 862.0 908.0 977.0
scab 0.012982656 1774.0 535.0 1806.0 570.0
scab 0.012766181 1179.0 323.0 1201.0 354.0
scab 0.012501615 1898.0 355.0 1937.0 387.0
scab 0.011524242 1047.0 362.0 1076.0 395.0
scab 0.010328592 1655.0 565.0 1690.0 601.0
