scab 0.44279334 1100.0 82.0 1257.0 242.0
scab 0.43509117 1482.0 597.0 1554.0 726.0
scab 0.26192537 361.0 568.0 517.0 847.0
scab 0.25647014 1322.0 336.0 1394.0 406.0
scab 0.22505045 1508.0 766.0 1581.0 834.0
scab 0.13965385 1291.0 553.0 1379.0 677.0
scab 0.12587877 1561.0 559.0 1639.0 666.0
scab 0.11521347 677.0 189.0 759.0 254.0
scab 0.09983779 1231.0 556.0 1317.0 625.0
scab 0.09817507 1714.0 805.0 1805.0 869.0
scab 0.09631448 1490.0 600.0 1557.0 656.0
scab 0.086835444 1696.0 638.0 1775.0 713.0
scab 0.08106123 1397.0 594.0 1485.0 660.0
scab 0.07252181 1412.0 486.0 1509.0 549.0
scab 0.07204279 776.0 155.0 866.0 217.0
scab 0.0670695 1315.0 719.0 1441.0 833.0
scab 0.06250259999999999 1428.0 594.0 1539.0 659.0
scab 0.05493878 1508.0 469.0 1587.0 535.0
scab 0.054470222 1364.0 422.0 1437.0 487.0
scab 0.04970747 1498.0 655.0 1551.0 730.0
scab 0.047378074000000006 1362.0 888.0 1438.0 964.0
scab 0.045402415 1418.0 592.0 1507.0 730.0
scab 0.045220234000000005 1106.0 549.0 1186.0 670.0
scab 0.043682475 348.0 537.0 447.0 699.0
scab 0.04164385 1661.0 786.0 1799.0 876.0
scab 0.040495157 1525.0 864.0 1576.0 921.0
scab 0.039442647 1649.0 750.0 1684.0 791.0
scab 0.03762361 1260.0 563.0 1367.0 639.0
scab 0.03624185 1216.0 527.0 1381.0 649.0
scab 0.035380732000000005 1190.0 465.0 1268.0 534.0
scab 0.035264164 735.0 77.0 779.0 111.0
scab 0.03467809 1202.0 427.0 1296.0 554.0
scab 0.032452453 1387.0 739.0 1443.0 815.0
scab 0.0314279 1133.0 261.0 1201.0 326.0
scab 0.030423772 1137.0 906.0 1191.0 986.0
scab 0.02659617 1792.0 618.0 1844.0 688.0
scab 0.025236696 1529.0 603.0 1615.0 664.0
scab 0.02492082 1500.0 606.0 1543.0 644.0
scab 0.024340006 1394.0 444.0 1550.0 546.0
scab 0.022910673 279.0 263.0 365.0 377.0
scab 0.022842323 1822.0 611.0 1967.0 714.0
scab 0.022678968 1048.0 882.0 1093.0 943.0
scab 0.022519296 1211.0 978.0 1288.0 1101.0
scab 0.022265628 1298.0 266.0 1393.0 398.0
scab 0.021981588 1604.0 512.0 1651.0 568.0
scab 0.021000335 1198.0 368.0 1247.0 419.0
scab 0.020588959 1346.0 722.0 1396.0 800.0
scab 0.020123 997.0 430.0 1070.0 499.0
scab 0.02006458 1700.0 644.0 1837.0 756.0
scab 0.017368078000000002 1604.0 853.0 1655.0 916.0
scab 0.015479567 1662.0 790.0 1738.0 863.0
scab 0.015129684 1482.0 747.0 1569.0 825.0
scab 0.0137239 941.0 498.0 991.0 556.0
scab 0.013609508 1278.0 627.0 1351.0 714.0
scab 0.013390651000000002 389.0 622.0 497.0 798.0
scab 0.013390317 668.0 178.0 808.0 295.0
scab 0.013327698999999998 1066.0 400.0 1121.0 468.0
scab 0.012765665 1620.0 657.0 1693.0 732.0
scab 0.012655038 1131.0 587.0 1190.0 665.0
scab 0.012230803 1742.0 674.0 1825.0 757.0
scab 0.011993476 1293.0 290.0 1375.0 365.0
scab 0.011505128 1229.0 491.0 1301.0 562.0
scab 0.011401215 1477.0 485.0 1578.0 552.0
scab 0.011346593500000002 1578.0 819.0 1612.0 860.0
