rust 0.9026732 1347.0 317.0 1395.0 390.0
rust 0.88885397 1728.0 666.0 1805.0 711.0
rust 0.8588803 1398.0 493.0 1448.0 559.0
rust 0.82457244 1606.0 527.0 1672.0 589.0
rust 0.78671175 1795.0 509.0 1841.0 573.0
rust 0.7835964 795.0 558.0 868.0 662.0
rust 0.78282714 588.0 585.0 643.0 661.0
rust 0.77816385 1464.0 213.0 1518.0 277.0
rust 0.6534385 499.0 219.0 548.0 273.0
rust 0.54020077 680.0 745.0 723.0 798.0
rust 0.5152109 490.0 360.0 546.0 434.0
scab 0.37886864 428.0 265.0 490.0 325.0
scab 0.057723276 1539.0 766.0 1565.0 796.0
rust 0.053786986 378.0 775.0 404.0 807.0
scab 0.021407569 1000.0 493.0 1026.0 536.0
scab 0.020467006 449.0 957.0 474.0 994.0
