rust 0.6738459 1558.0 730.0 1590.0 777.0
rust 0.57330006 784.0 894.0 827.0 948.0
rust 0.5101934 787.0 717.0 827.0 770.0
rust 0.46886048 1154.0 1001.0 1198.0 1062.0
rust 0.35481840000000003 940.0 1114.0 972.0 1160.0
scab 0.2331089 1068.0 373.0 1179.0 543.0
rust 0.15822954 521.0 851.0 557.0 890.0
scab 0.07357255 1473.0 679.0 1562.0 819.0
scab 0.04944901 1076.0 742.0 1108.0 784.0
scab 0.046050699999999986 1331.0 596.0 1427.0 732.0
scab 0.02382101 1251.0 514.0 1338.0 645.0
scab 0.018518537 1301.0 432.0 1379.0 551.0
scab 0.017979481999999998 792.0 289.0 933.0 518.0
scab 0.016312117 1227.0 553.0 1316.0 693.0
scab 0.016056591999999998 1685.0 769.0 1710.0 803.0
scab 0.0150753055 481.0 496.0 583.0 653.0
scab 0.01336596 1296.0 757.0 1370.0 835.0
scab 0.012799378500000002 1148.0 669.0 1224.0 811.0
scab 0.012768476 1337.0 721.0 1432.0 861.0
scab 0.011896803 1395.0 1108.0 1544.0 1233.0
scab 0.011717882 0.0 827.0 18.0 866.0
scab 0.011439419 267.0 218.0 439.0 436.0
scab 0.011085911 750.0 859.0 824.0 978.0
scab 0.010796233 878.0 598.0 1036.0 721.0
scab 0.010374672 572.0 719.0 648.0 803.0
scab 0.01026042 844.0 712.0 991.0 955.0
scab 0.010017405 730.0 777.0 776.0 864.0
