scab 0.74897057 773.0 429.0 823.0 484.0
scab 0.7106121999999999 604.0 784.0 686.0 884.0
scab 0.61247873 1290.0 602.0 1399.0 751.0
scab 0.55164814 1029.0 282.0 1096.0 345.0
scab 0.47646466 799.0 243.0 898.0 371.0
scab 0.42531282 716.0 454.0 767.0 513.0
scab 0.36981374 1167.0 402.0 1249.0 472.0
scab 0.35574114 923.0 318.0 970.0 370.0
scab 0.3447481 519.0 491.0 566.0 549.0
scab 0.32987803 1067.0 418.0 1119.0 488.0
scab 0.24535239 1139.0 473.0 1292.0 575.0
scab 0.24447711 1298.0 449.0 1389.0 558.0
scab 0.23060061 1153.0 248.0 1250.0 324.0
scab 0.18577045 973.0 295.0 1043.0 372.0
scab 0.16548811 539.0 913.0 580.0 975.0
scab 0.12822054 715.0 263.0 766.0 327.0
scab 0.12632085 389.0 731.0 417.0 771.0
scab 0.119146645 1501.0 361.0 1595.0 432.0
scab 0.11145955 694.0 549.0 769.0 615.0
scab 0.09074096 1114.0 222.0 1164.0 272.0
scab 0.08572482 685.0 917.0 718.0 955.0
scab 0.07278841 996.0 984.0 1083.0 1111.0
scab 0.07141102 1144.0 357.0 1282.0 472.0
scab 0.06180861 1114.0 322.0 1213.0 387.0
scab 0.05322181 967.0 266.0 1108.0 360.0
scab 0.045282725 1614.0 365.0 1701.0 435.0
scab 0.044839613 1161.0 484.0 1243.0 565.0
scab 0.042421706 632.0 1003.0 681.0 1061.0
scab 0.042004954 702.0 890.0 806.0 1027.0
scab 0.04078172 962.0 384.0 993.0 421.0
scab 0.031995896 616.0 873.0 674.0 946.0
scab 0.031875372 607.0 931.0 696.0 1076.0
scab 0.029219333 864.0 532.0 919.0 596.0
scab 0.028192278 577.0 659.0 627.0 719.0
scab 0.027446363 654.0 296.0 746.0 430.0
scab 0.02442423 831.0 390.0 899.0 453.0
scab 0.02429348 1198.0 397.0 1288.0 475.0
scab 0.023404786 756.0 379.0 789.0 422.0
scab 0.023288518 1489.0 353.0 1703.0 437.0
scab 0.021854153 839.0 804.0 885.0 889.0
scab 0.020923952 813.0 271.0 840.0 308.0
scab 0.020088324 617.0 909.0 672.0 991.0
scab 0.019872777 1011.0 392.0 1043.0 426.0
scab 0.019870194 842.0 759.0 871.0 792.0
scab 0.019493375 676.0 1050.0 755.0 1109.0
scab 0.019299885 1009.0 992.0 1064.0 1078.0
scab 0.018596778 699.0 956.0 725.0 993.0
scab 0.018227614 744.0 925.0 816.0 1010.0
scab 0.017598372 1133.0 367.0 1343.0 594.0
scab 0.017255735 374.0 588.0 452.0 671.0
scab 0.01720534 596.0 891.0 675.0 1023.0
scab 0.017047882 370.0 511.0 393.0 547.0
scab 0.016761214 461.0 653.0 535.0 728.0
scab 0.015900123999999998 561.0 1003.0 613.0 1067.0
scab 0.015532839 739.0 862.0 818.0 996.0
scab 0.015091894 1517.0 592.0 1570.0 671.0
scab 0.014397952 1916.0 1223.0 1984.0 1276.0
scab 0.0141952615 962.0 510.0 1020.0 584.0
scab 0.012624783 1132.0 1044.0 1163.0 1081.0
scab 0.01255946 473.0 892.0 523.0 956.0
scab 0.012292221 840.0 484.0 985.0 588.0
scab 0.012287267 1421.0 356.0 1504.0 425.0
scab 0.012229548 798.0 848.0 881.0 982.0
scab 0.011801086 1464.0 696.0 1514.0 774.0
scab 0.011616558 1047.0 392.0 1128.0 503.0
scab 0.011435301 335.0 628.0 361.0 659.0
scab 0.0109685585 977.0 423.0 1051.0 485.0
scab 0.010967742 695.0 553.0 728.0 587.0
scab 0.010882046 728.0 923.0 755.0 958.0
scab 0.010493437 609.0 959.0 659.0 1023.0
scab 0.010295111 890.0 480.0 970.0 561.0
scab 0.010214313 957.0 395.0 1034.0 476.0
scab 0.010058904 1067.0 913.0 1121.0 983.0
