rust 0.5090427 1150.0 722.0 1224.0 808.0
scab 0.31624678 188.0 974.0 284.0 1110.0
scab 0.2463724 1594.0 520.0 1684.0 651.0
scab 0.20032692 1216.0 672.0 1294.0 799.0
scab 0.19597119 961.0 812.0 1043.0 949.0
scab 0.18585415 987.0 997.0 1077.0 1079.0
scab 0.17755575 803.0 932.0 888.0 1050.0
scab 0.15302913 1508.0 696.0 1585.0 780.0
scab 0.11652445 1222.0 862.0 1356.0 997.0
scab 0.09807595 494.0 938.0 580.0 1073.0
scab 0.08874386 1017.0 819.0 1159.0 937.0
scab 0.08509919 896.0 1019.0 972.0 1103.0
scab 0.08468880000000001 1428.0 737.0 1486.0 819.0
scab 0.06690265 925.0 986.0 1081.0 1099.0
scab 0.06274946 1099.0 838.0 1172.0 925.0
scab 0.057217263 679.0 820.0 794.0 1023.0
scab 0.056440007 1494.0 575.0 1544.0 646.0
scab 0.045112327 801.0 903.0 938.0 1030.0
scab 0.04420611 876.0 888.0 930.0 971.0
scab 0.042164355999999986 1470.0 556.0 1546.0 670.0
scab 0.040893387 1420.0 456.0 1473.0 541.0
scab 0.038525585 1323.0 604.0 1378.0 666.0
scab 0.037206046 1458.0 641.0 1508.0 709.0
scab 0.03701734 563.0 828.0 685.0 1019.0
scab 0.03584771 1367.0 839.0 1416.0 901.0
scab 0.034049496 699.0 946.0 779.0 1032.0
scab 0.031426523 1435.0 681.0 1587.0 803.0
scab 0.030290289 742.0 759.0 837.0 908.0
scab 0.029376917 824.0 83.0 900.0 158.0
scab 0.028413607 620.0 267.0 849.0 495.0
scab 0.027705992 498.0 998.0 554.0 1069.0
scab 0.02728593 119.0 960.0 201.0 1032.0
scab 0.026969906 871.0 865.0 959.0 984.0
scab 0.026707465 998.0 806.0 1099.0 959.0
scab 0.02580017 1048.0 829.0 1103.0 907.0
scab 0.025602942000000004 1267.0 883.0 1348.0 969.0
scab 0.025529867 961.0 338.0 1013.0 406.0
scab 0.02531387 698.0 304.0 881.0 432.0
scab 0.024060998 633.0 609.0 714.0 695.0
scab 0.018371226 164.0 195.0 238.0 264.0
scab 0.018055474 1218.0 679.0 1272.0 759.0
scab 0.016958771 924.0 177.0 1021.0 305.0
scab 0.01601243 108.0 947.0 289.0 1081.0
scab 0.015029988 678.0 825.0 754.0 901.0
scab 0.014651583 497.0 844.0 669.0 1069.0
scab 0.014264946 993.0 680.0 1080.0 815.0
scab 0.01426191 248.0 910.0 330.0 988.0
scab 0.014040082 969.0 823.0 1024.0 909.0
scab 0.013947301 1422.0 689.0 1506.0 826.0
scab 0.013868968 361.0 922.0 516.0 1062.0
scab 0.013412799 1681.0 429.0 1839.0 539.0
scab 0.013406364 763.0 803.0 914.0 1033.0
scab 0.011664643 526.0 1047.0 609.0 1117.0
scab 0.0113586085 570.0 815.0 667.0 938.0
scab 0.011207358 248.0 950.0 334.0 1028.0
scab 0.010897495 996.0 907.0 1077.0 986.0
scab 0.0101789255 1126.0 598.0 1216.0 723.0
scab 0.010072166 1010.0 768.0 1057.0 832.0
scab 0.010037661 1006.0 534.0 1057.0 600.0
scab 0.010019481 1602.0 544.0 1661.0 633.0
