rust 0.87264234 1408.0 677.0 1499.0 786.0
scab 0.09889616 1574.0 454.0 1643.0 514.0
scab 0.06509932 1274.0 310.0 1303.0 349.0
scab 0.036708903 1370.0 796.0 1419.0 846.0
rust 0.025684176 1460.0 794.0 1543.0 849.0
scab 0.017104836 15.0 1155.0 84.0 1209.0
scab 0.016009334 1233.0 521.0 1254.0 553.0
scab 0.015490182 706.0 953.0 736.0 982.0
scab 0.015189313 1328.0 354.0 1385.0 426.0
scab 0.014328926 5.0 1140.0 31.0 1178.0
scab 0.011794065 1492.0 296.0 1523.0 334.0
scab 0.011634881 1451.0 467.0 1483.0 503.0
