rust 0.97614765 1131.0 650.0 1240.0 780.0
rust 0.87556046 774.0 318.0 867.0 440.0
rust 0.8707845 469.0 695.0 583.0 801.0
rust 0.7888109000000001 750.0 1165.0 800.0 1237.0
scab 0.43404362 1643.0 576.0 1733.0 686.0
rust 0.2824608 274.0 851.0 309.0 889.0
rust 0.27709112 150.0 3.0 240.0 88.0
scab 0.10926028 1594.0 583.0 1634.0 639.0
scab 0.072644025 290.0 481.0 342.0 565.0
scab 0.054001693 964.0 403.0 993.0 442.0
scab 0.04114221 1501.0 798.0 1522.0 832.0
scab 0.029148914 1884.0 709.0 1909.0 749.0
scab 0.027932866 1469.0 488.0 1496.0 525.0
scab 0.020866478 1542.0 655.0 1596.0 732.0
scab 0.017743144 1222.0 862.0 1281.0 948.0
scab 0.015222115 1472.0 634.0 1522.0 718.0
scab 0.013875843999999998 699.0 635.0 784.0 779.0
rust 0.0102737835 743.0 1149.0 821.0 1262.0
