scab 0.8906958 1534.0 885.0 1672.0 1141.0
scab 0.62959045 1353.0 1055.0 1442.0 1217.0
scab 0.36486098 1125.0 1120.0 1300.0 1297.0
scab 0.36429974 421.0 526.0 585.0 697.0
scab 0.27272865 1003.0 879.0 1148.0 1026.0
scab 0.20125246 419.0 948.0 505.0 1024.0
scab 0.19444667 1424.0 1132.0 1511.0 1274.0
scab 0.16737662 1299.0 548.0 1465.0 693.0
scab 0.10732109 608.0 899.0 696.0 1031.0
scab 0.098572426 679.0 548.0 758.0 622.0
scab 0.09580317 1284.0 537.0 1323.0 599.0
scab 0.087696284 818.0 948.0 904.0 1079.0
scab 0.085243255 522.0 370.0 628.0 530.0
scab 0.08005278 1425.0 547.0 1517.0 679.0
scab 0.07594221 545.0 713.0 675.0 851.0
scab 0.06556792 382.0 809.0 520.0 912.0
scab 0.05477584 694.0 918.0 811.0 1097.0
scab 0.053721055 1263.0 765.0 1362.0 910.0
scab 0.05200871 192.0 715.0 358.0 857.0
scab 0.04141938 155.0 811.0 252.0 954.0
scab 0.038736932 539.0 892.0 621.0 1011.0
scab 0.037453007 541.0 363.0 631.0 431.0
scab 0.03549427 562.0 714.0 651.0 790.0
scab 0.035187300000000005 198.0 715.0 258.0 802.0
scab 0.034765065 1084.0 548.0 1170.0 692.0
scab 0.034000300000000004 915.0 883.0 1009.0 1018.0
scab 0.03342671 569.0 551.0 660.0 680.0
scab 0.03309247 255.0 725.0 330.0 794.0
scab 0.031722683 704.0 929.0 879.0 1151.0
scab 0.030009253 886.0 1160.0 963.0 1245.0
scab 0.02991725 1039.0 423.0 1136.0 549.0
scab 0.029103076 1316.0 980.0 1390.0 1054.0
scab 0.028971748 687.0 909.0 746.0 989.0
scab 0.0283411 182.0 748.0 356.0 1000.0
scab 0.02817075 530.0 420.0 602.0 488.0
scab 0.026542608 1112.0 597.0 1158.0 663.0
scab 0.023935117 1357.0 1068.0 1505.0 1270.0
scab 0.023173297 591.0 1051.0 674.0 1139.0
scab 0.023042856 1203.0 965.0 1310.0 1124.0
scab 0.022422379 268.0 785.0 348.0 866.0
scab 0.022331124 1683.0 942.0 1842.0 1046.0
scab 0.021756858 424.0 440.0 674.0 702.0
scab 0.021084094 780.0 737.0 867.0 816.0
scab 0.020448865 184.0 425.0 267.0 546.0
scab 0.019161448 1033.0 228.0 1123.0 308.0
scab 0.019132975 1386.0 389.0 1468.0 511.0
scab 0.017767936 668.0 892.0 759.0 1029.0
scab 0.017388362 1044.0 421.0 1116.0 499.0
scab 0.017304497 542.0 437.0 679.0 546.0
scab 0.016920917 1944.0 865.0 2037.0 949.0
scab 0.016730446 909.0 983.0 1012.0 1123.0
scab 0.016642746 1370.0 4.0 1615.0 222.0
scab 0.015982509 548.0 786.0 621.0 850.0
scab 0.014709348 342.0 316.0 393.0 381.0
scab 0.014534554 760.0 722.0 898.0 833.0
scab 0.014131327 1383.0 541.0 1479.0 697.0
scab 0.013698378999999998 609.0 884.0 850.0 1102.0
scab 0.013305225 1051.0 1061.0 1141.0 1141.0
scab 0.013123099 1009.0 1189.0 1095.0 1269.0
scab 0.013112315 564.0 462.0 648.0 541.0
scab 0.013092226 1807.0 889.0 1887.0 954.0
scab 0.012987239 1296.0 275.0 1390.0 393.0
scab 0.012142594 953.0 865.0 1174.0 1088.0
scab 0.012065432 1297.0 944.0 1393.0 1077.0
scab 0.011620845 730.0 955.0 833.0 1116.0
scab 0.011489721 1295.0 585.0 1385.0 712.0
scab 0.011281648 405.0 1018.0 495.0 1144.0
scab 0.011011 1558.0 765.0 1616.0 844.0
scab 0.010970747 1643.0 743.0 1724.0 918.0
scab 0.010542295 904.0 514.0 1001.0 641.0
scab 0.010511266000000002 1208.0 478.0 1285.0 567.0
scab 0.0103886565 260.0 752.0 369.0 899.0
scab 0.010237753 533.0 1033.0 688.0 1148.0
scab 0.010101962 495.0 981.0 584.0 1122.0
