rust 0.9136361 1304.0 668.0 1350.0 725.0
rust 0.8871995 1393.0 683.0 1441.0 741.0
rust 0.7941613000000001 1352.0 733.0 1402.0 796.0
rust 0.26055533 1202.0 253.0 1238.0 292.0
rust 0.21464115 914.0 893.0 952.0 932.0
rust 0.038553674 704.0 1023.0 782.0 1074.0
scab 0.033261396 1340.0 311.0 1370.0 354.0
scab 0.025731262 525.0 724.0 611.0 853.0
scab 0.0244006 818.0 546.0 843.0 582.0
rust 0.019341523 1193.0 239.0 1255.0 302.0
scab 0.019200098 406.0 505.0 504.0 637.0
rust 0.013215813 1960.0 667.0 2045.0 752.0
scab 0.012979247 588.0 468.0 618.0 504.0
scab 0.012697159 452.0 830.0 477.0 860.0
