scab 0.5548267 1392.0 299.0 1472.0 431.0
scab 0.53693086 1110.0 807.0 1222.0 949.0
scab 0.42899454 1377.0 847.0 1465.0 968.0
scab 0.34979776 871.0 755.0 947.0 836.0
scab 0.27437982 1379.0 461.0 1475.0 594.0
scab 0.23744115 1279.0 225.0 1356.0 309.0
scab 0.21779604 521.0 443.0 654.0 565.0
scab 0.21632694 1503.0 680.0 1589.0 797.0
scab 0.18909933 825.0 896.0 927.0 1028.0
scab 0.1849947 1260.0 499.0 1355.0 644.0
scab 0.18297812 1271.0 908.0 1359.0 987.0
scab 0.1827956 1098.0 341.0 1185.0 473.0
scab 0.17349982 955.0 884.0 1137.0 1042.0
scab 0.1434205 911.0 543.0 1092.0 671.0
scab 0.13550448 1485.0 676.0 1573.0 756.0
scab 0.10033115 207.0 675.0 359.0 796.0
scab 0.078331836 774.0 252.0 909.0 370.0
scab 0.077923425 783.0 522.0 881.0 651.0
scab 0.07407226 1287.0 484.0 1373.0 600.0
scab 0.07137167 1589.0 567.0 1673.0 648.0
scab 0.06906254 627.0 608.0 776.0 722.0
scab 0.06747188400000001 1515.0 767.0 1667.0 895.0
scab 0.06649689 1628.0 696.0 1719.0 817.0
scab 0.063545175 1092.0 548.0 1190.0 622.0
scab 0.06306621400000001 1199.0 351.0 1294.0 483.0
scab 0.060912765999999986 474.0 735.0 563.0 816.0
scab 0.059986196 1250.0 728.0 1345.0 851.0
scab 0.059798203 1393.0 735.0 1492.0 816.0
scab 0.04587951 1101.0 531.0 1245.0 627.0
scab 0.044788033 355.0 506.0 441.0 655.0
scab 0.037599195 1224.0 412.0 1308.0 493.0
scab 0.03697441 77.0 621.0 213.0 720.0
scab 0.036328763 697.0 993.0 784.0 1069.0
scab 0.03342363 1006.0 523.0 1165.0 638.0
scab 0.032452505 1173.0 521.0 1352.0 637.0
scab 0.03191774 189.0 540.0 291.0 684.0
scab 0.030459752000000007 1270.0 774.0 1358.0 857.0
scab 0.02934287 1511.0 806.0 1605.0 930.0
scab 0.02926809 783.0 540.0 952.0 684.0
scab 0.02775148 1480.0 519.0 1564.0 638.0
scab 0.026540933 1577.0 370.0 1630.0 431.0
scab 0.025718503 1182.0 546.0 1268.0 619.0
scab 0.02566894 1566.0 549.0 1659.0 679.0
scab 0.022818679 1382.0 724.0 1458.0 796.0
scab 0.022309104 1003.0 394.0 1087.0 516.0
scab 0.021068338 427.0 682.0 566.0 813.0
scab 0.020543491 1096.0 668.0 1188.0 750.0
scab 0.019002644 1427.0 445.0 1482.0 513.0
scab 0.018939618 690.0 612.0 775.0 694.0
scab 0.018119726000000003 155.0 719.0 231.0 838.0
scab 0.017970417 821.0 650.0 902.0 735.0
scab 0.017252306000000002 1523.0 741.0 1607.0 810.0
scab 0.017002866000000002 1024.0 927.0 1140.0 1066.0
scab 0.016541561 1520.0 518.0 1674.0 652.0
scab 0.016277628 1604.0 718.0 1701.0 849.0
scab 0.016226848999999998 1219.0 597.0 1303.0 722.0
scab 0.01593549 1824.0 491.0 1876.0 553.0
scab 0.015585915 1202.0 356.0 1261.0 438.0
scab 0.014797944 1311.0 691.0 1363.0 747.0
scab 0.014778337 1564.0 640.0 1619.0 700.0
scab 0.0147428615 1232.0 685.0 1358.0 819.0
scab 0.014081849 1503.0 549.0 1559.0 625.0
scab 0.013883656 1419.0 755.0 1502.0 832.0
scab 0.012565025 350.0 904.0 433.0 984.0
scab 0.012219633 744.0 874.0 822.0 949.0
scab 0.01166063 191.0 505.0 336.0 647.0
scab 0.011653274 1412.0 845.0 1471.0 929.0
scab 0.011548027 1012.0 567.0 1103.0 649.0
scab 0.010896478 1409.0 641.0 1459.0 710.0
scab 0.010859209 737.0 679.0 813.0 758.0
scab 0.0103145 792.0 596.0 890.0 731.0
scab 0.010260556 21.0 638.0 193.0 743.0
