rust 0.9879026 1063.0 262.0 1144.0 373.0
rust 0.9618997 1007.0 1024.0 1099.0 1097.0
rust 0.9533611 1490.0 655.0 1571.0 735.0
rust 0.94733363 1071.0 886.0 1161.0 961.0
rust 0.9334205 1160.0 425.0 1216.0 504.0
rust 0.9322452 1330.0 401.0 1411.0 510.0
rust 0.9205588 856.0 808.0 929.0 889.0
rust 0.91424155 1592.0 483.0 1672.0 583.0
rust 0.90275395 1242.0 1209.0 1330.0 1279.0
rust 0.89903224 855.0 600.0 943.0 668.0
rust 0.8850145 703.0 511.0 786.0 567.0
rust 0.867118 634.0 357.0 743.0 418.0
rust 0.8482765 645.0 913.0 729.0 991.0
rust 0.8449175999999999 1272.0 320.0 1342.0 389.0
rust 0.83748454 1111.0 575.0 1180.0 653.0
rust 0.8087751999999999 1394.0 591.0 1472.0 695.0
scab 0.67969805 1300.0 236.0 1377.0 304.0
rust 0.62187004 1203.0 652.0 1261.0 720.0
rust 0.6153028 761.0 778.0 854.0 891.0
rust 0.5058020999999999 973.0 101.0 1009.0 141.0
scab 0.43459836 923.0 120.0 966.0 194.0
scab 0.27919155 79.0 401.0 106.0 440.0
rust 0.22440463 1329.0 350.0 1392.0 400.0
rust 0.21959484 1025.0 88.0 1049.0 117.0
scab 0.2055565 1136.0 90.0 1163.0 138.0
scab 0.15442728 1079.0 175.0 1109.0 216.0
scab 0.14261279999999998 1101.0 101.0 1143.0 170.0
scab 0.09680078 1176.0 74.0 1200.0 110.0
scab 0.09440676 115.0 372.0 145.0 409.0
scab 0.09115775 933.0 121.0 964.0 163.0
scab 0.07382846 140.0 482.0 170.0 513.0
rust 0.060133375 1048.0 222.0 1096.0 270.0
rust 0.042054523 1201.0 126.0 1220.0 161.0
scab 0.040803477000000005 0.0 384.0 23.0 421.0
scab 0.040384438 208.0 426.0 243.0 463.0
scab 0.035895273 1406.0 712.0 1441.0 749.0
rust 0.025523085 1295.0 167.0 1323.0 203.0
rust 0.023481354 778.0 786.0 946.0 890.0
scab 0.022187548 4.0 534.0 28.0 587.0
scab 0.020929491 980.0 165.0 1012.0 204.0
rust 0.019934108 930.0 161.0 957.0 199.0
scab 0.019745862 245.0 504.0 263.0 538.0
rust 0.0196219 1288.0 162.0 1311.0 196.0
scab 0.015909847 20.0 425.0 51.0 457.0
rust 0.013903184 1314.0 168.0 1341.0 206.0
scab 0.012987495 5.0 686.0 28.0 735.0
scab 0.012598318999999998 59.0 595.0 91.0 632.0
rust 0.010517711 1082.0 805.0 1182.0 954.0
