scab 0.3376686 1119.0 636.0 1213.0 775.0
scab 0.2858812 1382.0 816.0 1477.0 947.0
scab 0.2822174000000001 664.0 312.0 766.0 436.0
scab 0.25256878 259.0 764.0 351.0 849.0
scab 0.20571576 916.0 438.0 1032.0 627.0
rust 0.17234568 1595.0 728.0 1626.0 773.0
scab 0.16109579999999998 1592.0 540.0 1696.0 693.0
scab 0.13735229999999998 1384.0 515.0 1469.0 639.0
scab 0.13353328 612.0 1074.0 737.0 1190.0
scab 0.11871604 1488.0 621.0 1628.0 877.0
scab 0.10413503 776.0 308.0 856.0 365.0
scab 0.10211599 1174.0 722.0 1281.0 869.0
scab 0.09968824 1714.0 768.0 1840.0 892.0
scab 0.09098021 1590.0 611.0 1675.0 691.0
scab 0.07932045 196.0 905.0 289.0 1037.0
scab 0.07292883 1202.0 145.0 1340.0 263.0
scab 0.07012199 1220.0 638.0 1302.0 761.0
scab 0.06089661 1621.0 805.0 1649.0 842.0
scab 0.060025495 1131.0 643.0 1291.0 862.0
scab 0.05793452 543.0 944.0 690.0 1081.0
scab 0.053950913 1638.0 121.0 1733.0 235.0
scab 0.04001784 1266.0 350.0 1425.0 473.0
scab 0.038717195 278.0 890.0 366.0 1024.0
scab 0.03865151 768.0 717.0 911.0 941.0
scab 0.03814774 1572.0 430.0 1704.0 536.0
scab 0.037441846 885.0 302.0 1014.0 414.0
scab 0.0356941 1613.0 544.0 1692.0 627.0
scab 0.035125297 1503.0 629.0 1602.0 790.0
scab 0.032446824 1269.0 531.0 1414.0 631.0
scab 0.032253355 1210.0 385.0 1306.0 525.0
scab 0.02931606 1080.0 591.0 1177.0 747.0
scab 0.027919205 1043.0 512.0 1110.0 576.0
scab 0.027248647 1650.0 903.0 1740.0 1015.0
scab 0.027052503 359.0 830.0 443.0 1006.0
scab 0.024843449 1711.0 240.0 1742.0 284.0
scab 0.024595654 775.0 851.0 869.0 983.0
scab 0.023627587 1737.0 464.0 1820.0 592.0
scab 0.020853952 164.0 729.0 238.0 794.0
scab 0.020394245 233.0 674.0 291.0 752.0
scab 0.02020063 458.0 776.0 612.0 904.0
scab 0.019560983 1485.0 759.0 1632.0 893.0
scab 0.01950083 1062.0 550.0 1212.0 780.0
scab 0.019458694 665.0 591.0 752.0 733.0
scab 0.018986242 816.0 761.0 922.0 901.0
scab 0.01858692 780.0 388.0 954.0 510.0
scab 0.018201338 1096.0 523.0 1244.0 636.0
scab 0.017928215 607.0 969.0 688.0 1062.0
scab 0.017510517 1095.0 868.0 1151.0 947.0
scab 0.016942482 1445.0 477.0 1584.0 582.0
scab 0.016602557 1361.0 90.0 1439.0 151.0
scab 0.016336925 1455.0 530.0 1498.0 600.0
scab 0.015987994 1515.0 482.0 1569.0 560.0
scab 0.015503261 46.0 869.0 96.0 942.0
scab 0.015276665 1540.0 701.0 1589.0 775.0
scab 0.013467642 947.0 632.0 1034.0 714.0
scab 0.012352937 1579.0 398.0 1609.0 430.0
scab 0.012317586 526.0 795.0 631.0 944.0
scab 0.012314141 1206.0 772.0 1284.0 866.0
scab 0.011250527 1404.0 719.0 1481.0 790.0
scab 0.011165015 830.0 934.0 926.0 1078.0
scab 0.011066596 935.0 827.0 1010.0 904.0
scab 0.010973469 1207.0 377.0 1400.0 502.0
scab 0.010595813 1305.0 294.0 1468.0 419.0
scab 0.010535477 1388.0 543.0 1543.0 680.0
scab 0.01020471 1635.0 208.0 1666.0 248.0
scab 0.010143794 135.0 982.0 182.0 1047.0
scab 0.010093102 1760.0 600.0 1804.0 660.0
scab 0.010028936 1123.0 1018.0 1231.0 1172.0
