rust 0.90350527 1176.0 322.0 1224.0 390.0
rust 0.8944194 1336.0 529.0 1419.0 607.0
rust 0.84903115 1416.0 883.0 1503.0 963.0
rust 0.7962771 117.0 365.0 213.0 481.0
rust 0.7754624 1544.0 407.0 1609.0 471.0
rust 0.7584291 1501.0 860.0 1584.0 941.0
rust 0.740374 800.0 418.0 842.0 470.0
rust 0.7092397 725.0 678.0 798.0 758.0
rust 0.7042958 1298.0 925.0 1418.0 1021.0
rust 0.543177 929.0 575.0 984.0 646.0
rust 0.44443277 701.0 595.0 732.0 633.0
scab 0.4161877000000001 1066.0 677.0 1190.0 918.0
rust 0.32872102 949.0 437.0 1026.0 517.0
scab 0.32589057 795.0 677.0 879.0 817.0
rust 0.26120988 304.0 284.0 396.0 423.0
scab 0.18027014 1051.0 432.0 1123.0 558.0
scab 0.16136228 1420.0 673.0 1519.0 815.0
scab 0.14959168 1260.0 668.0 1406.0 820.0
scab 0.11503816 863.0 759.0 919.0 844.0
scab 0.087126106 707.0 776.0 751.0 832.0
scab 0.08140732 1407.0 429.0 1486.0 519.0
scab 0.059855297 990.0 660.0 1073.0 771.0
scab 0.057207346 1136.0 540.0 1177.0 625.0
scab 0.05413201 1087.0 680.0 1180.0 824.0
scab 0.05115197 1141.0 596.0 1168.0 635.0
scab 0.049950626 937.0 811.0 961.0 861.0
scab 0.04669833 1283.0 518.0 1311.0 567.0
scab 0.045594286 569.0 509.0 593.0 543.0
scab 0.043084793 1212.0 394.0 1238.0 447.0
scab 0.042157825 1073.0 820.0 1119.0 910.0
rust 0.039726544 653.0 343.0 702.0 391.0
rust 0.035713717 917.0 528.0 995.0 647.0
rust 0.035488315 1170.0 302.0 1241.0 412.0
scab 0.035303418 1554.0 668.0 1647.0 806.0
scab 0.034764413 1012.0 454.0 1040.0 499.0
scab 0.03160968 654.0 768.0 703.0 829.0
scab 0.03148968 1197.0 1145.0 1246.0 1194.0
scab 0.0302066 648.0 591.0 667.0 621.0
scab 0.028306356 1027.0 539.0 1070.0 599.0
scab 0.02645357 735.0 845.0 793.0 913.0
scab 0.026439274 1285.0 299.0 1330.0 366.0
scab 0.026438821 843.0 724.0 924.0 856.0
scab 0.026267603 1220.0 763.0 1260.0 843.0
rust 0.025584964 312.0 364.0 362.0 434.0
scab 0.024101991 878.0 371.0 921.0 461.0
scab 0.023622235 1595.0 910.0 1622.0 939.0
scab 0.02308264 1399.0 773.0 1453.0 868.0
scab 0.020911964 608.0 724.0 660.0 784.0
rust 0.020504408 737.0 674.0 817.0 802.0
scab 0.01914035 950.0 1056.0 988.0 1095.0
scab 0.018890943 1057.0 761.0 1138.0 914.0
scab 0.018456917 498.0 703.0 549.0 768.0
rust 0.018253759 1124.0 1311.0 1173.0 1356.0
scab 0.017689647 923.0 530.0 971.0 599.0
scab 0.016657171999999998 1107.0 509.0 1178.0 640.0
scab 0.016410112 1499.0 958.0 1555.0 1027.0
scab 0.01411431 1312.0 767.0 1360.0 844.0
scab 0.013304768 1403.0 456.0 1555.0 696.0
scab 0.012791236 1411.0 551.0 1461.0 616.0
scab 0.012728304 1352.0 465.0 1401.0 537.0
scab 0.012605513999999998 996.0 776.0 1039.0 860.0
scab 0.012579564 1569.0 748.0 1617.0 819.0
rust 0.012017906 302.0 340.0 329.0 377.0
scab 0.011197961 1047.0 555.0 1125.0 682.0
rust 0.011137258 1425.0 858.0 1592.0 951.0
scab 0.011023434 973.0 835.0 996.0 878.0
scab 0.0107567515 828.0 913.0 873.0 981.0
scab 0.0102277715 1144.0 402.0 1190.0 471.0
scab 0.0101747615 1219.0 541.0 1286.0 694.0
