scab 0.6419703 670.0 727.0 751.0 839.0
scab 0.5442868000000001 828.0 407.0 988.0 583.0
scab 0.31341586 1114.0 605.0 1200.0 726.0
scab 0.17090367 1315.0 783.0 1390.0 851.0
scab 0.15980724 1604.0 894.0 1651.0 956.0
scab 0.08192875 1699.0 822.0 1772.0 892.0
scab 0.06598759400000001 623.0 896.0 673.0 954.0
scab 0.05701575 1515.0 929.0 1579.0 981.0
scab 0.054761223 0.0 915.0 83.0 1091.0
scab 0.04854623 960.0 906.0 1113.0 1033.0
scab 0.04711251 601.0 962.0 669.0 1028.0
scab 0.043539505 575.0 638.0 663.0 763.0
scab 0.040558882 851.0 363.0 1074.0 601.0
scab 0.037856095 994.0 590.0 1070.0 674.0
scab 0.03515601 987.0 574.0 1119.0 682.0
scab 0.03175613 1395.0 782.0 1429.0 822.0
scab 0.030955998 1041.0 947.0 1103.0 1001.0
scab 0.03009962 1510.0 794.0 1556.0 852.0
scab 0.029180778 996.0 381.0 1074.0 449.0
scab 0.028733015 1542.0 946.0 1579.0 979.0
scab 0.025401631 967.0 465.0 1057.0 584.0
scab 0.025155533 1369.0 732.0 1400.0 772.0
scab 0.023115048 1064.0 571.0 1123.0 650.0
scab 0.022064548 506.0 602.0 649.0 733.0
scab 0.021197522000000003 1601.0 891.0 1633.0 929.0
scab 0.02108793 755.0 883.0 806.0 972.0
scab 0.020952212 714.0 959.0 767.0 1021.0
scab 0.020134198 1538.0 890.0 1571.0 925.0
scab 0.014601612 1017.0 952.0 1099.0 1027.0
scab 0.014231988 1698.0 828.0 1731.0 867.0
scab 0.01375511 1594.0 870.0 1674.0 981.0
scab 0.013442365 1336.0 795.0 1371.0 836.0
scab 0.012622715 420.0 758.0 502.0 833.0
scab 0.010393115 1790.0 802.0 1825.0 845.0
scab 0.010295869 1364.0 774.0 1432.0 834.0
scab 0.010173561 714.0 893.0 800.0 1030.0
