rust 0.8788024 933.0 284.0 1234.0 541.0
scab 0.16919117 800.0 499.0 884.0 625.0
scab 0.06322959 720.0 630.0 793.0 703.0
rust 0.06115697 944.0 313.0 1089.0 571.0
scab 0.041631646 1467.0 610.0 1583.0 681.0
rust 0.04009367 1088.0 324.0 1234.0 509.0
rust 0.033713058 1639.0 1173.0 1780.0 1273.0
scab 0.028609755 1602.0 636.0 1633.0 676.0
scab 0.026588023 1195.0 554.0 1224.0 592.0
rust 0.023638643 956.0 1306.0 1042.0 1362.0
scab 0.02004749 924.0 1081.0 1007.0 1161.0
scab 0.017755415 394.0 734.0 426.0 777.0
scab 0.015277653 351.0 878.0 397.0 944.0
scab 0.014837873 1850.0 460.0 1883.0 499.0
scab 0.012852532 912.0 546.0 1007.0 692.0
