rust 0.9460936 672.0 897.0 744.0 961.0
rust 0.9365018 1397.0 206.0 1439.0 281.0
rust 0.90027845 1136.0 191.0 1184.0 249.0
rust 0.89767945 1466.0 355.0 1510.0 436.0
rust 0.8526630999999999 1138.0 538.0 1187.0 604.0
rust 0.8186316 1026.0 402.0 1098.0 479.0
rust 0.6903729999999999 818.0 461.0 859.0 512.0
rust 0.61860555 1440.0 465.0 1475.0 530.0
rust 0.52551484 394.0 913.0 442.0 960.0
rust 0.49271548 1809.0 1103.0 1871.0 1150.0
rust 0.35758695 1600.0 655.0 1652.0 715.0
scab 0.036140375 1106.0 423.0 1126.0 453.0
rust 0.029505748 1650.0 1098.0 1685.0 1138.0
scab 0.021673318 538.0 957.0 565.0 995.0
scab 0.011892712 767.0 963.0 789.0 992.0
scab 0.011487127 1389.0 623.0 1461.0 690.0
scab 0.010878649 805.0 871.0 883.0 941.0
