rust 0.8412591 929.0 565.0 984.0 641.0
rust 0.5399937 934.0 916.0 1004.0 997.0
scab 0.12622498 723.0 638.0 756.0 677.0
rust 0.120899655 1133.0 552.0 1181.0 632.0
scab 0.10982648 672.0 789.0 720.0 842.0
scab 0.07363004 601.0 784.0 632.0 829.0
scab 0.059491407 1059.0 752.0 1088.0 792.0
scab 0.051290695 952.0 789.0 1023.0 858.0
scab 0.039875366 996.0 1108.0 1020.0 1139.0
scab 0.039226435 1617.0 545.0 1662.0 597.0
scab 0.033446714 1166.0 682.0 1212.0 752.0
scab 0.029052697 1684.0 637.0 1714.0 676.0
rust 0.02388646 1512.0 628.0 1590.0 712.0
scab 0.020305922 855.0 906.0 881.0 947.0
scab 0.017552938 1126.0 524.0 1200.0 646.0
scab 0.01748241 920.0 418.0 943.0 450.0
scab 0.014390124 860.0 1051.0 885.0 1088.0
scab 0.013889539 718.0 778.0 742.0 815.0
scab 0.012648193 479.0 842.0 512.0 881.0
scab 0.011574908 1753.0 564.0 1799.0 618.0
scab 0.011006608 777.0 1057.0 808.0 1097.0
scab 0.01046518 702.0 403.0 724.0 439.0
