scab 0.30828136 973.0 697.0 1115.0 803.0
scab 0.25248894 1140.0 684.0 1277.0 789.0
scab 0.24432711 1173.0 971.0 1250.0 1052.0
scab 0.23520017 1121.0 245.0 1203.0 319.0
scab 0.16679645 912.0 933.0 995.0 1050.0
scab 0.1427888 927.0 208.0 1016.0 288.0
scab 0.12483593 574.0 546.0 670.0 684.0
scab 0.12037012 825.0 298.0 1003.0 515.0
scab 0.115814716 1009.0 475.0 1105.0 598.0
scab 0.10663818 916.0 551.0 998.0 665.0
scab 0.10325555 1218.0 785.0 1306.0 899.0
scab 0.09876346 833.0 688.0 931.0 813.0
scab 0.09691213 582.0 760.0 724.0 890.0
scab 0.09659312 1211.0 275.0 1284.0 354.0
scab 0.089594156 888.0 301.0 1032.0 418.0
scab 0.07553528 931.0 311.0 1016.0 390.0
scab 0.07129594 837.0 708.0 975.0 864.0
scab 0.063857384 1306.0 464.0 1334.0 501.0
scab 0.062854275 499.0 388.0 647.0 517.0
scab 0.058598705 666.0 638.0 824.0 752.0
scab 0.057196736 685.0 337.0 824.0 452.0
scab 0.054613397 1374.0 986.0 1456.0 1045.0
scab 0.052050363 1235.0 612.0 1305.0 684.0
scab 0.050615788 992.0 289.0 1075.0 370.0
scab 0.04875502 972.0 705.0 1059.0 777.0
scab 0.043656345 830.0 697.0 906.0 768.0
scab 0.043045405 641.0 680.0 744.0 748.0
scab 0.04279607 1167.0 387.0 1250.0 519.0
scab 0.041459356 659.0 824.0 829.0 939.0
scab 0.04017516 1014.0 951.0 1094.0 1023.0
scab 0.036976628 1357.0 514.0 1432.0 584.0
scab 0.036872514 481.0 422.0 577.0 564.0
scab 0.036305953 826.0 1027.0 915.0 1151.0
scab 0.035837363 1032.0 704.0 1122.0 779.0
scab 0.03442642 1200.0 695.0 1291.0 768.0
scab 0.032568317 730.0 867.0 820.0 935.0
scab 0.030535145 920.0 780.0 972.0 861.0
scab 0.030219778 923.0 265.0 1078.0 384.0
scab 0.028350739 921.0 939.0 979.0 1013.0
scab 0.028059551 1033.0 435.0 1125.0 566.0
scab 0.027769987000000003 1183.0 449.0 1235.0 516.0
scab 0.027502187 715.0 471.0 851.0 596.0
scab 0.027165288 606.0 760.0 702.0 845.0
scab 0.027123451 575.0 651.0 745.0 746.0
scab 0.026712524 1369.0 981.0 1465.0 1109.0
scab 0.025613368 1105.0 901.0 1169.0 960.0
scab 0.02461523 1317.0 709.0 1391.0 771.0
scab 0.022341909 449.0 688.0 616.0 789.0
scab 0.020803906 792.0 849.0 881.0 968.0
scab 0.02074597 1359.0 582.0 1438.0 639.0
scab 0.020446066 736.0 356.0 820.0 438.0
scab 0.02015542 825.0 296.0 919.0 438.0
scab 0.01938313 732.0 671.0 825.0 751.0
scab 0.018454248 148.0 638.0 305.0 746.0
scab 0.017739048 698.0 850.0 874.0 957.0
scab 0.017475611999999998 240.0 651.0 405.0 766.0
scab 0.016870503999999998 532.0 903.0 697.0 1032.0
scab 0.016846864 1227.0 530.0 1307.0 608.0
scab 0.016752759 545.0 414.0 637.0 499.0
scab 0.016157262 579.0 934.0 739.0 1062.0
scab 0.016059274 838.0 1055.0 896.0 1140.0
scab 0.015543759 1177.0 520.0 1324.0 634.0
scab 0.015406691 424.0 775.0 491.0 836.0
scab 0.014960537 276.0 466.0 428.0 601.0
scab 0.014864758999999996 1144.0 1067.0 1226.0 1134.0
scab 0.014751945 1098.0 941.0 1258.0 1053.0
scab 0.014746942 507.0 909.0 581.0 983.0
scab 0.014354048 1314.0 692.0 1462.0 801.0
scab 0.013996729 730.0 602.0 831.0 741.0
scab 0.013797493 696.0 249.0 962.0 502.0
scab 0.013543369 1078.0 357.0 1163.0 473.0
scab 0.013506851 1092.0 857.0 1178.0 983.0
scab 0.013147552 541.0 408.0 689.0 664.0
scab 0.012494823 817.0 894.0 872.0 959.0
scab 0.012004788 474.0 699.0 574.0 774.0
scab 0.011885244 894.0 552.0 973.0 630.0
scab 0.01185058 491.0 658.0 660.0 761.0
scab 0.011831638 1294.0 390.0 1378.0 511.0
scab 0.011799575 1127.0 697.0 1208.0 775.0
scab 0.011452789 662.0 822.0 721.0 908.0
scab 0.011229467 1085.0 962.0 1158.0 1016.0
scab 0.011218365 1322.0 404.0 1376.0 475.0
scab 0.010980313 1047.0 374.0 1143.0 522.0
scab 0.01097848 1212.0 542.0 1311.0 695.0
scab 0.010819046 1307.0 567.0 1361.0 643.0
scab 0.010612538 389.0 977.0 445.0 1050.0
