rust 0.93562824 767.0 647.0 919.0 812.0
rust 0.7643022 1086.0 488.0 1155.0 552.0
rust 0.6206608 548.0 1036.0 583.0 1076.0
rust 0.3861946 486.0 992.0 531.0 1038.0
rust 0.34975868 1466.0 455.0 1502.0 499.0
rust 0.34975338 637.0 978.0 705.0 1032.0
rust 0.1059849 1222.0 787.0 1464.0 1023.0
scab 0.07036182 774.0 93.0 801.0 127.0
scab 0.06923645 662.0 51.0 691.0 86.0
rust 0.06378481 1549.0 271.0 1590.0 309.0
scab 0.052641433 689.0 150.0 717.0 185.0
scab 0.046357114000000005 697.0 49.0 724.0 82.0
scab 0.021922518 1111.0 240.0 1145.0 277.0
scab 0.020663263 439.0 873.0 523.0 936.0
rust 0.016263777 458.0 937.0 535.0 994.0
scab 0.016027808 780.0 200.0 854.0 330.0
scab 0.012741721 738.0 52.0 764.0 82.0
rust 0.010014237 832.0 714.0 852.0 759.0
