rust 0.9456341 1288.0 452.0 1338.0 517.0
rust 0.9318853 1485.0 773.0 1535.0 836.0
rust 0.87563217 597.0 1001.0 667.0 1061.0
rust 0.8697414000000001 794.0 536.0 846.0 599.0
rust 0.8444688 206.0 788.0 248.0 847.0
rust 0.8304494 1240.0 361.0 1283.0 418.0
rust 0.7658175 423.0 657.0 479.0 737.0
rust 0.70502144 690.0 871.0 756.0 929.0
rust 0.48623118 1096.0 991.0 1128.0 1029.0
rust 0.06202927 2019.0 1029.0 2048.0 1074.0
rust 0.021303978 1067.0 287.0 1090.0 324.0
scab 0.017861875 338.0 598.0 365.0 633.0
scab 0.014422122 1032.0 331.0 1054.0 366.0
scab 0.013251635 845.0 783.0 878.0 824.0
