rust 0.93167365 357.0 849.0 396.0 914.0
rust 0.8762804 1469.0 712.0 1501.0 754.0
rust 0.82781667 1599.0 820.0 1625.0 867.0
rust 0.8002037 1508.0 483.0 1546.0 523.0
rust 0.7857824999999999 833.0 539.0 896.0 606.0
rust 0.7487943 157.0 894.0 205.0 956.0
rust 0.7062122 1492.0 610.0 1528.0 650.0
rust 0.6613505999999999 1259.0 1018.0 1306.0 1064.0
rust 0.61995786 311.0 778.0 341.0 827.0
rust 0.44992188 1268.0 1126.0 1308.0 1161.0
rust 0.36732596 352.0 779.0 382.0 826.0
rust 0.25260156 1173.0 1016.0 1205.0 1052.0
rust 0.22263862 339.0 752.0 365.0 794.0
rust 0.114565805 1422.0 642.0 1498.0 699.0
scab 0.0696242 223.0 1034.0 253.0 1075.0
scab 0.038679536 976.0 733.0 997.0 770.0
rust 0.032361604 334.0 743.0 373.0 811.0
scab 0.027335798 1097.0 931.0 1116.0 964.0
scab 0.0228327 1698.0 524.0 1723.0 554.0
scab 0.016305583000000002 1163.0 851.0 1176.0 878.0
scab 0.01493712 1389.0 767.0 1403.0 796.0
rust 0.014735846 328.0 743.0 351.0 781.0
scab 0.013088172 1170.0 853.0 1184.0 879.0
scab 0.012991115 133.0 981.0 152.0 1014.0
scab 0.0114130275 1506.0 634.0 1534.0 662.0
scab 0.010517934 1516.0 280.0 1544.0 324.0
