scab 0.592331 592.0 877.0 671.0 945.0
scab 0.48440227 1228.0 767.0 1298.0 833.0
scab 0.42528516 1015.0 607.0 1151.0 740.0
scab 0.4247628 731.0 899.0 818.0 1010.0
scab 0.35888657 845.0 638.0 922.0 693.0
scab 0.32072932 832.0 897.0 935.0 970.0
scab 0.27185923 427.0 638.0 491.0 692.0
scab 0.27175915 1362.0 679.0 1436.0 737.0
scab 0.25352252 693.0 807.0 788.0 888.0
scab 0.2454614 863.0 374.0 975.0 524.0
scab 0.20545821 708.0 640.0 774.0 699.0
scab 0.20373192 337.0 846.0 442.0 911.0
scab 0.2031182 846.0 760.0 920.0 830.0
scab 0.20125037 1219.0 672.0 1270.0 753.0
scab 0.19620118 1269.0 540.0 1361.0 623.0
scab 0.19059363 1244.0 852.0 1300.0 925.0
scab 0.18536867 1061.0 907.0 1141.0 980.0
scab 0.14522208 1045.0 857.0 1232.0 967.0
scab 0.13853607 533.0 604.0 599.0 666.0
scab 0.1295177 381.0 579.0 448.0 640.0
scab 0.12858777 1111.0 844.0 1230.0 939.0
scab 0.11639702 601.0 640.0 669.0 699.0
scab 0.11463008 1153.0 399.0 1209.0 478.0
scab 0.110805966 923.0 568.0 1007.0 688.0
scab 0.11018265 939.0 833.0 1008.0 882.0
scab 0.10906017 573.0 489.0 639.0 541.0
scab 0.10694937 683.0 697.0 751.0 762.0
scab 0.10680987 352.0 452.0 437.0 515.0
scab 0.1058264 681.0 473.0 751.0 537.0
scab 0.104879774 252.0 440.0 320.0 508.0
scab 0.10392201 1174.0 594.0 1222.0 658.0
scab 0.0982753 1527.0 635.0 1580.0 697.0
scab 0.094951406 482.0 624.0 527.0 676.0
scab 0.077845596 275.0 527.0 356.0 634.0
scab 0.07347096 732.0 594.0 769.0 628.0
scab 0.07144638 656.0 414.0 758.0 556.0
scab 0.0647976 775.0 488.0 831.0 560.0
scab 0.058825985 805.0 738.0 932.0 835.0
scab 0.058597486 476.0 690.0 513.0 724.0
scab 0.05188992 253.0 770.0 321.0 838.0
scab 0.050841462 1327.0 751.0 1392.0 807.0
scab 0.047158953 505.0 526.0 545.0 560.0
scab 0.045564324 976.0 785.0 1051.0 847.0
scab 0.04387231 790.0 398.0 841.0 466.0
scab 0.04185634 1001.0 538.0 1070.0 604.0
scab 0.040357098 973.0 740.0 1111.0 845.0
scab 0.03934366 735.0 823.0 810.0 896.0
scab 0.038767926 1520.0 714.0 1570.0 762.0
scab 0.036125954 287.0 534.0 337.0 602.0
scab 0.03603726 780.0 567.0 831.0 617.0
scab 0.03194903 489.0 390.0 558.0 448.0
scab 0.031245664 243.0 495.0 292.0 552.0
scab 0.028440723 637.0 458.0 676.0 494.0
scab 0.023571212 1229.0 618.0 1279.0 681.0
scab 0.023228953 392.0 588.0 430.0 626.0
scab 0.023007164 342.0 433.0 473.0 532.0
scab 0.022024909 1127.0 694.0 1202.0 771.0
scab 0.020889364 647.0 576.0 699.0 638.0
scab 0.020438036 1216.0 608.0 1297.0 738.0
scab 0.018716741 708.0 583.0 769.0 633.0
scab 0.018389808 321.0 435.0 354.0 467.0
scab 0.018347373 398.0 469.0 475.0 528.0
scab 0.018266523 840.0 555.0 1000.0 681.0
scab 0.018148001 1622.0 668.0 1656.0 706.0
scab 0.017174037 958.0 769.0 1048.0 887.0
scab 0.01690434 251.0 543.0 333.0 625.0
scab 0.016777875 489.0 516.0 555.0 572.0
scab 0.016352441000000002 1388.0 493.0 1439.0 544.0
scab 0.016254405 1039.0 460.0 1112.0 543.0
scab 0.015882837 81.0 728.0 153.0 793.0
scab 0.015881674 907.0 506.0 994.0 578.0
scab 0.015460903 550.0 673.0 586.0 705.0
scab 0.015368718 260.0 645.0 308.0 701.0
scab 0.015316585 654.0 484.0 742.0 556.0
scab 0.01513271 1088.0 543.0 1141.0 599.0
scab 0.014258412 657.0 401.0 736.0 478.0
scab 0.014186517 1020.0 739.0 1096.0 811.0
scab 0.014078776 275.0 587.0 312.0 625.0
scab 0.013788121 903.0 434.0 985.0 518.0
scab 0.013536108 557.0 417.0 607.0 468.0
scab 0.013417861 599.0 394.0 633.0 429.0
scab 0.012969739 534.0 608.0 688.0 702.0
scab 0.012964247 360.0 406.0 433.0 466.0
scab 0.012304813 465.0 609.0 605.0 705.0
scab 0.012092904 312.0 717.0 348.0 750.0
scab 0.011892078 877.0 685.0 924.0 744.0
scab 0.011840154 809.0 741.0 888.0 807.0
scab 0.011778809 614.0 648.0 653.0 689.0
scab 0.01164937 702.0 602.0 791.0 723.0
scab 0.011352313 507.0 531.0 581.0 598.0
scab 0.011026875 487.0 686.0 577.0 805.0
scab 0.010862482 1204.0 424.0 1308.0 563.0
scab 0.0105723245 1318.0 427.0 1387.0 494.0
scab 0.01037711 918.0 352.0 978.0 434.0
scab 0.010165406 450.0 813.0 603.0 925.0
