rust 0.87156117 342.0 767.0 440.0 902.0
rust 0.5087585 453.0 607.0 546.0 679.0
rust 0.15402064 579.0 557.0 633.0 621.0
scab 0.053781614000000005 1225.0 858.0 1273.0 916.0
rust 0.042200267 1313.0 1154.0 1342.0 1186.0
scab 0.03971816 1513.0 755.0 1583.0 816.0
scab 0.03699288 948.0 718.0 1040.0 787.0
scab 0.036417276 1423.0 754.0 1502.0 814.0
scab 0.034590945 1158.0 738.0 1255.0 805.0
scab 0.026662905 988.0 1034.0 1034.0 1118.0
scab 0.0264215 1208.0 742.0 1288.0 805.0
scab 0.023287222000000003 963.0 563.0 1011.0 621.0
scab 0.023180738 1058.0 728.0 1139.0 795.0
scab 0.018494302 833.0 695.0 995.0 788.0
scab 0.01811932 1413.0 384.0 1470.0 458.0
scab 0.017742223999999997 1178.0 979.0 1228.0 1039.0
scab 0.015434693 1387.0 384.0 1464.0 504.0
rust 0.013302822 524.0 910.0 553.0 956.0
rust 0.012983585 668.0 832.0 712.0 889.0
scab 0.011303607 411.0 612.0 436.0 652.0
scab 0.010347946 1256.0 746.0 1328.0 806.0
rust 0.010300121 455.0 603.0 506.0 668.0
scab 0.010279022 829.0 707.0 904.0 774.0
