scab 0.8533058000000001 1017.0 194.0 1137.0 310.0
scab 0.6706823000000001 915.0 293.0 1022.0 438.0
scab 0.6594502 981.0 764.0 1060.0 878.0
scab 0.56704247 635.0 810.0 716.0 923.0
scab 0.5142642 722.0 538.0 794.0 604.0
scab 0.48310542 764.0 209.0 843.0 281.0
scab 0.4503245 13.0 111.0 97.0 170.0
scab 0.4458433 719.0 337.0 803.0 448.0
scab 0.42256507 1225.0 881.0 1306.0 961.0
scab 0.395447 351.0 386.0 488.0 483.0
scab 0.37774637 1120.0 595.0 1208.0 717.0
scab 0.36146343 682.0 463.0 786.0 606.0
scab 0.34479532 349.0 626.0 432.0 689.0
scab 0.34026387 1657.0 593.0 1741.0 704.0
scab 0.33443865 448.0 784.0 535.0 892.0
scab 0.3093667 993.0 597.0 1074.0 663.0
scab 0.27982467 1500.0 583.0 1583.0 664.0
scab 0.2774295 1494.0 572.0 1643.0 681.0
scab 0.25860232 265.0 7.0 344.0 91.0
scab 0.2488982 1328.0 815.0 1426.0 956.0
scab 0.24787578 1364.0 591.0 1476.0 667.0
scab 0.23975885 1743.0 522.0 1864.0 635.0
scab 0.22158186 326.0 700.0 378.0 769.0
scab 0.21703708 677.0 465.0 756.0 548.0
scab 0.20947567 758.0 181.0 877.0 295.0
scab 0.20416403 93.0 606.0 226.0 715.0
scab 0.19206491 839.0 762.0 877.0 842.0
scab 0.1835618 1241.0 471.0 1332.0 561.0
scab 0.17174648 486.0 632.0 550.0 682.0
scab 0.16987135 821.0 566.0 1015.0 689.0
scab 0.1673248 424.0 641.0 491.0 696.0
scab 0.16147159 733.0 357.0 787.0 428.0
scab 0.15122195 662.0 629.0 710.0 681.0
scab 0.14925446 1270.0 977.0 1323.0 1041.0
scab 0.14293794 1564.0 586.0 1649.0 664.0
scab 0.12434989 192.0 595.0 242.0 656.0
scab 0.12298018 1139.0 597.0 1217.0 668.0
scab 0.12143642 1301.0 596.0 1406.0 663.0
scab 0.11976876 364.0 752.0 431.0 815.0
scab 0.11422338 1061.0 463.0 1145.0 542.0
scab 0.10476304 1302.0 362.0 1352.0 426.0
scab 0.097978346 890.0 672.0 976.0 755.0
scab 0.089470215 321.0 686.0 400.0 800.0
scab 0.08565074 275.0 674.0 311.0 714.0
scab 0.081577756 927.0 573.0 1067.0 672.0
scab 0.07817185 1284.0 595.0 1484.0 692.0
scab 0.071007945 1082.0 451.0 1173.0 560.0
scab 0.07082398 218.0 654.0 268.0 702.0
scab 0.0693294 1836.0 602.0 1895.0 689.0
scab 0.06652005 1369.0 894.0 1417.0 958.0
scab 0.05896162 826.0 580.0 920.0 715.0
scab 0.056236282 1334.0 821.0 1409.0 898.0
scab 0.055468100000000006 418.0 419.0 496.0 493.0
scab 0.04697293 552.0 875.0 624.0 942.0
scab 0.043478716 134.0 596.0 236.0 668.0
scab 0.042070795 135.0 603.0 186.0 659.0
scab 0.035298478 1564.0 636.0 1648.0 702.0
scab 0.033045492999999995 1085.0 653.0 1159.0 732.0
scab 0.032907598 110.0 18.0 346.0 129.0
scab 0.031806163 208.0 676.0 277.0 758.0
scab 0.029713854 0.0 193.0 51.0 245.0
scab 0.027937701 1668.0 596.0 1723.0 664.0
scab 0.02736291 1600.0 579.0 1654.0 644.0
scab 0.027098848 802.0 737.0 883.0 860.0
scab 0.026697008 846.0 776.0 871.0 829.0
scab 0.025429938 451.0 803.0 503.0 882.0
scab 0.024887783 1336.0 869.0 1359.0 902.0
scab 0.024877407 1093.0 482.0 1149.0 556.0
scab 0.022573214 1357.0 597.0 1404.0 657.0
scab 0.019360678 65.0 179.0 134.0 241.0
scab 0.018455142 945.0 331.0 1025.0 423.0
scab 0.017927848 335.0 712.0 368.0 755.0
scab 0.01752992 934.0 868.0 1008.0 989.0
scab 0.01730642 63.0 150.0 212.0 247.0
scab 0.016464593 858.0 591.0 949.0 674.0
scab 0.015797805 439.0 627.0 531.0 688.0
scab 0.01576211 745.0 0.0 906.0 102.0
scab 0.015638776 1464.0 717.0 1559.0 859.0
scab 0.015403415 361.0 620.0 527.0 700.0
scab 0.015240015 259.0 662.0 324.0 722.0
scab 0.014574749 278.0 601.0 304.0 630.0
scab 0.014201997 137.0 633.0 219.0 703.0
scab 0.013715052 743.0 370.0 777.0 413.0
scab 0.013436823 905.0 294.0 955.0 362.0
scab 0.013066 902.0 584.0 1003.0 667.0
scab 0.013064751 280.0 643.0 335.0 708.0
scab 0.0120968865 775.0 1.0 865.0 73.0
scab 0.011753082 1215.0 825.0 1393.0 943.0
scab 0.011389348 396.0 626.0 477.0 691.0
scab 0.010677964 361.0 383.0 439.0 463.0
scab 0.010442578 806.0 569.0 885.0 687.0
