rust 0.9252289 1020.0 681.0 1092.0 735.0
rust 0.7991746999999999 184.0 977.0 256.0 1052.0
rust 0.7264414 571.0 964.0 616.0 1019.0
rust 0.6211663000000001 901.0 463.0 946.0 523.0
rust 0.5927031999999999 376.0 562.0 447.0 637.0
rust 0.38278523 1095.0 856.0 1141.0 902.0
rust 0.31105170000000004 1607.0 651.0 1668.0 704.0
scab 0.06106691 1777.0 778.0 1836.0 852.0
scab 0.037889175 480.0 958.0 512.0 997.0
scab 0.016093523999999998 472.0 647.0 499.0 683.0
scab 0.010550697 485.0 910.0 518.0 949.0
scab 0.010198316 472.0 907.0 524.0 989.0
