scab 0.8148604 274.0 620.0 356.0 687.0
scab 0.77316225 472.0 545.0 523.0 620.0
rust 0.57640964 664.0 513.0 692.0 547.0
scab 0.5640722 904.0 555.0 955.0 623.0
scab 0.5386529999999999 736.0 631.0 787.0 700.0
scab 0.41387254 433.0 627.0 483.0 686.0
scab 0.35512668 568.0 761.0 607.0 794.0
scab 0.27590325 815.0 552.0 885.0 625.0
scab 0.24588169 702.0 615.0 728.0 655.0
scab 0.22099179 175.0 640.0 222.0 695.0
scab 0.20048012 645.0 487.0 669.0 518.0
scab 0.1624543 367.0 660.0 416.0 718.0
scab 0.123766296 1046.0 517.0 1105.0 568.0
scab 0.08228215 866.0 889.0 940.0 957.0
scab 0.0674952 1001.0 649.0 1029.0 685.0
scab 0.06371357 241.0 591.0 281.0 657.0
scab 0.052915886 864.0 503.0 892.0 534.0
scab 0.043873265 1749.0 1058.0 1773.0 1101.0
scab 0.040603783 1980.0 118.0 2048.0 189.0
scab 0.039656673 554.0 752.0 617.0 806.0
scab 0.038733926 178.0 578.0 225.0 638.0
scab 0.03728328 1548.0 576.0 1575.0 611.0
scab 0.037059765 1109.0 495.0 1131.0 521.0
scab 0.03158712 589.0 520.0 618.0 558.0
scab 0.026529094 1045.0 524.0 1079.0 564.0
scab 0.025684394 1132.0 860.0 1157.0 895.0
scab 0.025630604 1445.0 557.0 1493.0 613.0
scab 0.023033006 987.0 571.0 1034.0 641.0
scab 0.022889158 340.0 673.0 412.0 748.0
scab 0.022678873 1061.0 461.0 1098.0 498.0
scab 0.022143729 390.0 571.0 412.0 601.0
scab 0.021828048 454.0 477.0 501.0 534.0
scab 0.019843517 902.0 596.0 950.0 662.0
scab 0.019527627 1123.0 567.0 1147.0 598.0
scab 0.019465769 587.0 487.0 633.0 557.0
scab 0.017862737 861.0 884.0 912.0 938.0
scab 0.01720176 910.0 612.0 941.0 653.0
scab 0.017009856 653.0 500.0 697.0 553.0
scab 0.016195614 620.0 445.0 646.0 476.0
scab 0.014921067 154.0 598.0 232.0 713.0
scab 0.0148828775 603.0 480.0 629.0 519.0
scab 0.014286319 375.0 640.0 456.0 710.0
scab 0.014122566 894.0 536.0 965.0 646.0
scab 0.013254448 1229.0 157.0 1259.0 206.0
scab 0.013251523 1024.0 845.0 1046.0 877.0
scab 0.013116554 303.0 473.0 355.0 535.0
scab 0.012408496 1294.0 360.0 1342.0 421.0
scab 0.012370063999999998 1700.0 746.0 1769.0 801.0
scab 0.011761837 255.0 741.0 285.0 780.0
scab 0.011167058 402.0 633.0 479.0 699.0
scab 0.0107871415 573.0 466.0 599.0 505.0
scab 0.010663437 884.0 783.0 906.0 815.0
scab 0.010422774 1042.0 449.0 1107.0 509.0
scab 0.010309100000000002 743.0 646.0 773.0 689.0
scab 0.01001934 704.0 716.0 724.0 742.0
