scab 0.69287074 851.0 583.0 1003.0 729.0
scab 0.66379476 866.0 765.0 955.0 877.0
scab 0.63692635 503.0 683.0 583.0 749.0
scab 0.63062906 856.0 917.0 946.0 1034.0
scab 0.6301241 1410.0 884.0 1481.0 936.0
scab 0.5752873000000001 1099.0 718.0 1237.0 841.0
scab 0.56509733 1282.0 563.0 1350.0 622.0
scab 0.5219608 839.0 403.0 920.0 482.0
scab 0.5041018 1037.0 908.0 1130.0 1028.0
scab 0.49605045 419.0 695.0 492.0 769.0
scab 0.48058692 430.0 512.0 523.0 628.0
scab 0.40529096 548.0 725.0 689.0 871.0
scab 0.39432853 409.0 375.0 541.0 502.0
scab 0.35424507 1696.0 725.0 1748.0 796.0
scab 0.35401925 136.0 622.0 178.0 678.0
scab 0.33901809999999993 1080.0 553.0 1256.0 670.0
scab 0.3196304 1620.0 904.0 1684.0 955.0
scab 0.30110762 1183.0 420.0 1349.0 526.0
scab 0.25342268 1824.0 780.0 1913.0 859.0
scab 0.24950418 650.0 648.0 746.0 727.0
rust 0.24789137 1663.0 622.0 1700.0 663.0
scab 0.23368633 282.0 711.0 349.0 770.0
scab 0.2216601 1405.0 685.0 1485.0 758.0
scab 0.2105647 1614.0 811.0 1682.0 883.0
scab 0.19597471 388.0 881.0 441.0 944.0
scab 0.17560944 745.0 630.0 844.0 709.0
scab 0.17447138 1406.0 83.0 1485.0 158.0
scab 0.17006856 1346.0 882.0 1379.0 916.0
scab 0.16211395 1282.0 338.0 1352.0 400.0
scab 0.16206823 308.0 640.0 358.0 695.0
scab 0.14865473 1500.0 889.0 1561.0 940.0
scab 0.13998501 1431.0 542.0 1501.0 597.0
scab 0.13596793 1090.0 396.0 1248.0 497.0
scab 0.13086842 1078.0 584.0 1169.0 720.0
scab 0.13043988 1334.0 1086.0 1431.0 1163.0
scab 0.12055042 636.0 608.0 853.0 736.0
scab 0.104397446 1140.0 404.0 1222.0 479.0
scab 0.09395058 1405.0 1170.0 1481.0 1239.0
scab 0.09192834 1839.0 897.0 1931.0 971.0
scab 0.09107541 1193.0 655.0 1319.0 763.0
scab 0.089372315 188.0 742.0 265.0 820.0
scab 0.075094625 136.0 1280.0 229.0 1354.0
scab 0.06313342 1333.0 1191.0 1411.0 1251.0
scab 0.060041912 1960.0 941.0 2040.0 989.0
scab 0.05697411 429.0 369.0 499.0 432.0
scab 0.056629606 1334.0 3.0 1418.0 61.0
scab 0.05516694 1155.0 565.0 1256.0 644.0
scab 0.05275442 1585.0 598.0 1635.0 666.0
scab 0.04910678 112.0 727.0 161.0 780.0
scab 0.0475098 1267.0 434.0 1354.0 518.0
scab 0.04342476 1103.0 677.0 1315.0 803.0
scab 0.042867884 1109.0 570.0 1216.0 649.0
scab 0.039063199999999985 1817.0 645.0 1896.0 764.0
scab 0.03877171 1963.0 873.0 2039.0 936.0
scab 0.038726244 280.0 1253.0 332.0 1320.0
scab 0.035834927 1521.0 1108.0 1616.0 1182.0
scab 0.035174932 158.0 862.0 205.0 916.0
scab 0.035053574 184.0 683.0 232.0 737.0
scab 0.03437453 1757.0 742.0 1814.0 822.0
scab 0.031913 850.0 620.0 994.0 866.0
scab 0.031015316 1322.0 931.0 1358.0 964.0
scab 0.029977914 609.0 718.0 690.0 798.0
scab 0.028422618 1468.0 77.0 1545.0 156.0
scab 0.028365454 1551.0 573.0 1623.0 640.0
scab 0.027867485 1214.0 540.0 1388.0 630.0
scab 0.027635474 1551.0 734.0 1625.0 820.0
scab 0.027530972 1779.0 755.0 1935.0 855.0
scab 0.027037155 1763.0 754.0 1844.0 837.0
scab 0.025085915 632.0 633.0 718.0 763.0
scab 0.024712242 1838.0 707.0 1885.0 773.0
scab 0.023673847 1223.0 434.0 1318.0 516.0
scab 0.023012048 1322.0 517.0 1392.0 575.0
scab 0.022176843 718.0 718.0 799.0 800.0
scab 0.02096213 166.0 708.0 191.0 738.0
scab 0.019855391 1102.0 506.0 1332.0 779.0
scab 0.019381564 1081.0 577.0 1266.0 827.0
scab 0.018933553 736.0 613.0 850.0 774.0
scab 0.01851271 604.0 972.0 630.0 1010.0
scab 0.017885229 1205.0 556.0 1283.0 625.0
scab 0.017717393 1677.0 888.0 1726.0 940.0
scab 0.017605362 1400.0 806.0 1476.0 877.0
scab 0.016880535 1402.0 1013.0 1471.0 1067.0
scab 0.016801023999999998 1728.0 495.0 1798.0 556.0
scab 0.016798275 1789.0 650.0 1815.0 683.0
scab 0.016471233000000002 1985.0 653.0 2042.0 735.0
rust 0.016363071 1650.0 616.0 1710.0 672.0
scab 0.016355012 1255.0 1076.0 1331.0 1134.0
scab 0.016329431999999998 461.0 423.0 535.0 499.0
scab 0.016258314 1555.0 392.0 1592.0 430.0
scab 0.015902683 211.0 783.0 281.0 850.0
scab 0.015303538 1514.0 722.0 1615.0 856.0
scab 0.015273135 588.0 736.0 678.0 820.0
scab 0.015183095 1910.0 679.0 1987.0 745.0
scab 0.014999748 366.0 798.0 417.0 855.0
scab 0.014632759 1076.0 416.0 1170.0 499.0
scab 0.014404469 529.0 636.0 600.0 700.0
scab 0.0141849425 1400.0 72.0 1540.0 167.0
scab 0.013771653 1647.0 515.0 1698.0 571.0
scab 0.013449408 1158.0 562.0 1348.0 653.0
scab 0.01337737 1155.0 417.0 1251.0 493.0
scab 0.013066025 1557.0 460.0 1589.0 503.0
scab 0.012909952 540.0 764.0 629.0 890.0
scab 0.012547437 612.0 680.0 708.0 824.0
scab 0.012257752 1543.0 671.0 1593.0 722.0
scab 0.012239603 1427.0 527.0 1510.0 634.0
scab 0.012187185 1757.0 918.0 1806.0 966.0
scab 0.012040266 44.0 744.0 76.0 778.0
scab 0.012009308 1290.0 300.0 1372.0 405.0
scab 0.011704786000000002 1115.0 339.0 1335.0 576.0
scab 0.011539125 1569.0 584.0 1605.0 622.0
scab 0.011534797 1809.0 764.0 1887.0 846.0
scab 0.011203342 1592.0 4.0 1680.0 58.0
scab 0.010935657 136.0 1193.0 246.0 1340.0
scab 0.010770978 1797.0 409.0 1841.0 466.0
scab 0.010745416 166.0 1209.0 238.0 1284.0
