scab 0.46389532 95.0 924.0 205.0 1079.0
rust 0.4031561 1159.0 1064.0 1202.0 1115.0
scab 0.36111942 1134.0 633.0 1293.0 760.0
scab 0.32553133 1078.0 439.0 1162.0 517.0
scab 0.27700973 1266.0 824.0 1353.0 952.0
scab 0.270094 980.0 803.0 1087.0 935.0
scab 0.22700971 1170.0 813.0 1257.0 945.0
scab 0.20785518 1722.0 791.0 1802.0 856.0
rust 0.20697935 1901.0 802.0 1934.0 836.0
scab 0.20266259 1386.0 492.0 1455.0 565.0
scab 0.17047529 1575.0 550.0 1659.0 628.0
scab 0.15455942 1626.0 818.0 1717.0 934.0
scab 0.1357503 1740.0 779.0 1952.0 964.0
scab 0.12535928 682.0 647.0 809.0 763.0
scab 0.123919755 736.0 491.0 817.0 602.0
scab 0.12142854 1423.0 717.0 1502.0 799.0
scab 0.11278535 832.0 518.0 912.0 633.0
scab 0.10794949 886.0 535.0 1037.0 635.0
scab 0.10561095 788.0 761.0 889.0 909.0
scab 0.073968634 948.0 721.0 1042.0 848.0
rust 0.07387156 690.0 377.0 713.0 413.0
scab 0.06617356 1168.0 392.0 1253.0 510.0
scab 0.060852967 1525.0 740.0 1614.0 811.0
scab 0.05885213 1545.0 888.0 1628.0 973.0
scab 0.049632628 817.0 800.0 910.0 943.0
rust 0.045365497000000005 283.0 328.0 318.0 372.0
scab 0.045170352 1631.0 770.0 1715.0 829.0
scab 0.041715678 1011.0 601.0 1168.0 727.0
scab 0.03999547 632.0 449.0 709.0 519.0
scab 0.038303632 1077.0 393.0 1255.0 518.0
scab 0.034806505 0.0 712.0 82.0 856.0
scab 0.03234125 1781.0 816.0 1998.0 931.0
scab 0.028699953 1090.0 603.0 1183.0 737.0
scab 0.025642736 965.0 549.0 1053.0 631.0
scab 0.023687106 486.0 491.0 564.0 565.0
scab 0.023180237000000003 1201.0 654.0 1293.0 741.0
scab 0.022615684 1646.0 843.0 1704.0 921.0
scab 0.020239055 230.0 401.0 306.0 469.0
scab 0.019491453 685.0 638.0 742.0 713.0
scab 0.01917208 1424.0 726.0 1591.0 840.0
scab 0.018144552 825.0 651.0 902.0 725.0
scab 0.018032232 1185.0 845.0 1235.0 925.0
scab 0.017744118 1395.0 703.0 1485.0 778.0
scab 0.017289843 1717.0 564.0 1797.0 644.0
scab 0.016030291000000002 1713.0 783.0 1837.0 884.0
scab 0.015041865 1118.0 625.0 1204.0 713.0
scab 0.015032515 928.0 698.0 1019.0 819.0
scab 0.014883925 735.0 691.0 816.0 772.0
scab 0.013774957 936.0 670.0 1074.0 919.0
scab 0.013430515 742.0 512.0 914.0 615.0
scab 0.012472503 1600.0 767.0 1701.0 913.0
scab 0.012407783 670.0 609.0 759.0 734.0
scab 0.01120732 964.0 758.0 1105.0 981.0
scab 0.01090461 859.0 526.0 949.0 605.0
scab 0.010806647 1261.0 513.0 1347.0 648.0
scab 0.010711459 755.0 487.0 840.0 570.0
