scab 0.58731836 1041.0 595.0 1118.0 723.0
scab 0.5769318 1131.0 633.0 1274.0 776.0
scab 0.5165204000000001 493.0 686.0 555.0 744.0
scab 0.5140412 953.0 663.0 1028.0 730.0
scab 0.49278012 1376.0 802.0 1448.0 874.0
scab 0.41308573 1230.0 889.0 1385.0 1010.0
scab 0.38158426 949.0 947.0 1084.0 1049.0
scab 0.38157502 1507.0 707.0 1581.0 765.0
scab 0.37924916 1346.0 648.0 1415.0 781.0
scab 0.37426284 1260.0 383.0 1334.0 496.0
scab 0.3723327 324.0 567.0 401.0 675.0
scab 0.32724938 878.0 505.0 935.0 584.0
scab 0.30358583 1066.0 880.0 1137.0 937.0
scab 0.2782722 1412.0 894.0 1468.0 971.0
scab 0.27548468 880.0 399.0 935.0 476.0
scab 0.2559267 1295.0 615.0 1343.0 683.0
scab 0.25228336 807.0 681.0 873.0 744.0
scab 0.24251182 739.0 411.0 844.0 570.0
scab 0.20980608 400.0 478.0 480.0 559.0
scab 0.19653581 785.0 739.0 853.0 808.0
scab 0.19402277 822.0 624.0 860.0 663.0
scab 0.18871973 608.0 644.0 663.0 712.0
scab 0.18809058 1109.0 779.0 1235.0 892.0
scab 0.17964229999999998 798.0 855.0 926.0 953.0
scab 0.17881887 855.0 961.0 947.0 1075.0
scab 0.17649208 954.0 396.0 1074.0 565.0
scab 0.1760733 989.0 723.0 1028.0 786.0
scab 0.17566353 547.0 739.0 582.0 781.0
scab 0.17152508 652.0 515.0 704.0 569.0
scab 0.16599296 1396.0 561.0 1492.0 645.0
scab 0.1647619 694.0 681.0 746.0 744.0
scab 0.15359093 403.0 913.0 513.0 983.0
scab 0.14631195 558.0 668.0 602.0 729.0
scab 0.14304885 709.0 944.0 792.0 1029.0
scab 0.1364235 1663.0 656.0 1718.0 723.0
scab 0.12095901 553.0 408.0 622.0 471.0
scab 0.116868116 951.0 802.0 1033.0 882.0
scab 0.11553983 950.0 592.0 1040.0 731.0
scab 0.11271312 1139.0 432.0 1218.0 556.0
scab 0.111905545 1103.0 824.0 1181.0 896.0
scab 0.10971464 1351.0 708.0 1404.0 793.0
scab 0.10849931 881.0 592.0 931.0 658.0
scab 0.1009091 1207.0 558.0 1257.0 617.0
scab 0.100633316 625.0 436.0 673.0 489.0
scab 0.098342255 1213.0 958.0 1294.0 1031.0
scab 0.09789778 732.0 600.0 779.0 668.0
scab 0.08383309 444.0 617.0 512.0 688.0
scab 0.080004245 709.0 447.0 759.0 518.0
scab 0.0686529 940.0 252.0 995.0 328.0
scab 0.061805833 830.0 597.0 925.0 730.0
scab 0.058676656 568.0 735.0 660.0 859.0
scab 0.05580059 924.0 789.0 973.0 853.0
scab 0.055611413 565.0 554.0 614.0 609.0
scab 0.05389613 871.0 505.0 950.0 642.0
scab 0.05344214 295.0 468.0 365.0 536.0
scab 0.050116017 844.0 880.0 925.0 962.0
scab 0.050071806 448.0 630.0 480.0 673.0
scab 0.045657314 474.0 492.0 528.0 562.0
scab 0.045617603 858.0 645.0 905.0 709.0
scab 0.041112963 1357.0 638.0 1408.0 709.0
scab 0.037697215 920.0 766.0 1020.0 889.0
scab 0.034883063 767.0 484.0 838.0 565.0
scab 0.03475205 618.0 598.0 652.0 633.0
scab 0.034124643 306.0 703.0 356.0 769.0
scab 0.03408276 1007.0 311.0 1082.0 427.0
scab 0.034060016 590.0 640.0 673.0 753.0
scab 0.033283904 931.0 252.0 1012.0 369.0
scab 0.033146344 798.0 642.0 878.0 768.0
scab 0.032399036 296.0 842.0 372.0 927.0
scab 0.031990517 675.0 401.0 705.0 444.0
scab 0.030168751 1075.0 276.0 1122.0 350.0
scab 0.029950812 788.0 736.0 827.0 773.0
scab 0.02899372 1538.0 624.0 1588.0 689.0
scab 0.028146895 799.0 619.0 848.0 672.0
scab 0.027184738 1286.0 899.0 1376.0 992.0
scab 0.026296241 1396.0 871.0 1479.0 984.0
scab 0.025022112000000003 627.0 721.0 665.0 758.0
scab 0.024782795 1494.0 788.0 1542.0 842.0
scab 0.023511697 1165.0 780.0 1239.0 856.0
rust 0.023415223 867.0 204.0 901.0 239.0
scab 0.023297843 36.0 681.0 241.0 792.0
scab 0.022536686 1260.0 510.0 1318.0 584.0
scab 0.022311037 708.0 394.0 794.0 524.0
scab 0.02214031 773.0 730.0 838.0 788.0
scab 0.02138355 1016.0 350.0 1065.0 431.0
scab 0.021337971 1510.0 499.0 1575.0 558.0
scab 0.021307334 744.0 291.0 839.0 421.0
scab 0.02062421 793.0 687.0 869.0 806.0
scab 0.020357884 706.0 598.0 785.0 727.0
scab 0.019944044 964.0 593.0 1017.0 664.0
scab 0.019478474 366.0 457.0 397.0 494.0
scab 0.01928684 727.0 634.0 755.0 677.0
scab 0.01892641 1074.0 815.0 1203.0 920.0
scab 0.01864049 1109.0 564.0 1181.0 641.0
scab 0.017616617 412.0 596.0 496.0 710.0
scab 0.01726184 693.0 642.0 777.0 761.0
scab 0.017191656 1114.0 392.0 1163.0 451.0
scab 0.017007792 600.0 712.0 662.0 768.0
scab 0.016624454 516.0 357.0 562.0 426.0
scab 0.016429935 958.0 397.0 1017.0 482.0
scab 0.016342895 357.0 721.0 438.0 784.0
scab 0.016151987 29.0 625.0 250.0 863.0
scab 0.016097156 1663.0 740.0 1715.0 788.0
scab 0.015842015 404.0 473.0 558.0 571.0
scab 0.015287168 665.0 638.0 695.0 675.0
scab 0.015236997 1050.0 703.0 1104.0 773.0
scab 0.015100376 1759.0 693.0 1795.0 731.0
scab 0.015029876 269.0 671.0 303.0 712.0
scab 0.014920473 731.0 533.0 780.0 593.0
scab 0.014653035 461.0 930.0 539.0 1003.0
scab 0.014555968 1130.0 662.0 1226.0 824.0
scab 0.014481397 484.0 803.0 518.0 840.0
scab 0.014019318 770.0 459.0 865.0 602.0
scab 0.013937678 793.0 555.0 876.0 686.0
scab 0.013790597 684.0 573.0 738.0 645.0
scab 0.0134649305 546.0 394.0 682.0 497.0
scab 0.013244086 751.0 425.0 802.0 495.0
scab 0.01293739 952.0 508.0 1040.0 647.0
scab 0.012910193 567.0 419.0 606.0 457.0
scab 0.012867763 313.0 696.0 345.0 734.0
scab 0.012731103 594.0 720.0 626.0 762.0
scab 0.012728885 720.0 477.0 756.0 517.0
scab 0.0127057815 1206.0 634.0 1288.0 764.0
scab 0.01236141 1445.0 430.0 1513.0 497.0
scab 0.0121532595 1088.0 929.0 1187.0 1067.0
