rust 0.9806144 820.0 851.0 910.0 920.0
rust 0.9665136 476.0 811.0 554.0 911.0
rust 0.9081444 653.0 950.0 739.0 1057.0
rust 0.8949176999999999 754.0 853.0 810.0 930.0
rust 0.8911642 1292.0 957.0 1392.0 1011.0
rust 0.8718065999999999 562.0 760.0 638.0 841.0
rust 0.8522475 1923.0 1199.0 1973.0 1266.0
rust 0.40760127 1437.0 482.0 1470.0 527.0
scab 0.34553316 947.0 1015.0 1007.0 1068.0
scab 0.018759843 1874.0 1187.0 1902.0 1225.0
rust 0.012653011 748.0 839.0 918.0 923.0
scab 0.012364403 1045.0 718.0 1074.0 759.0
