scab 0.89746594 491.0 599.0 560.0 667.0
scab 0.8877993000000001 588.0 874.0 668.0 950.0
scab 0.8672565000000001 532.0 687.0 586.0 753.0
scab 0.8412119 693.0 816.0 776.0 924.0
scab 0.7639473000000001 786.0 591.0 861.0 674.0
scab 0.71276623 1205.0 613.0 1318.0 766.0
scab 0.7108285 1113.0 537.0 1238.0 630.0
scab 0.6524854 647.0 703.0 698.0 758.0
scab 0.6345804 674.0 618.0 723.0 681.0
scab 0.63259476 944.0 686.0 1070.0 787.0
scab 0.51657474 636.0 542.0 691.0 602.0
scab 0.4276670999999999 1232.0 419.0 1380.0 562.0
rust 0.4203252000000001 810.0 416.0 879.0 465.0
scab 0.33692002 831.0 783.0 861.0 826.0
scab 0.26765707 1193.0 318.0 1273.0 397.0
scab 0.2555239 772.0 795.0 797.0 838.0
scab 0.20786132 1944.0 813.0 2001.0 886.0
scab 0.20321205 983.0 530.0 1049.0 595.0
scab 0.2030404 1366.0 416.0 1467.0 494.0
scab 0.14822645 583.0 761.0 617.0 797.0
scab 0.10779238 717.0 677.0 742.0 706.0
scab 0.09657494 1025.0 632.0 1072.0 680.0
scab 0.09334879 865.0 774.0 913.0 831.0
scab 0.08897845 749.0 825.0 774.0 869.0
scab 0.07294065 1151.0 747.0 1204.0 815.0
scab 0.06434817 760.0 827.0 787.0 868.0
scab 0.061750393 1221.0 382.0 1452.0 598.0
scab 0.053419795 1330.0 507.0 1423.0 629.0
scab 0.05231983 883.0 787.0 917.0 826.0
scab 0.03597439 752.0 809.0 793.0 874.0
scab 0.034661557999999995 1244.0 424.0 1331.0 499.0
scab 0.033476494 663.0 660.0 690.0 698.0
scab 0.026190653 463.0 779.0 491.0 809.0
scab 0.023169076 762.0 788.0 800.0 853.0
scab 0.020101702 990.0 556.0 1077.0 621.0
scab 0.017357528 1352.0 414.0 1452.0 571.0
scab 0.015359477 661.0 608.0 734.0 716.0
scab 0.015079234 958.0 483.0 989.0 519.0
scab 0.014985285 902.0 846.0 927.0 878.0
scab 0.013677707 359.0 698.0 388.0 728.0
scab 0.012530711000000002 838.0 774.0 886.0 833.0
scab 0.011711737 970.0 579.0 1057.0 628.0
scab 0.011268273 1036.0 557.0 1116.0 619.0
scab 0.010514421 964.0 699.0 1023.0 777.0
scab 0.010189356 824.0 375.0 861.0 408.0
