rust 0.9645323 791.0 804.0 893.0 873.0
rust 0.9632629 872.0 547.0 969.0 656.0
rust 0.9354564 1163.0 937.0 1266.0 1000.0
rust 0.927458 1312.0 800.0 1399.0 898.0
rust 0.915956 1504.0 632.0 1624.0 725.0
rust 0.8085099 1517.0 774.0 1608.0 879.0
scab 0.20114143 1561.0 921.0 1622.0 970.0
rust 0.10525025 0.0 573.0 118.0 643.0
scab 0.023143303 1680.0 652.0 1753.0 702.0
scab 0.01751832 387.0 199.0 420.0 236.0
scab 0.017336931 1565.0 732.0 1597.0 769.0
scab 0.014082794 1020.0 1183.0 1103.0 1256.0
scab 0.011540061 139.0 653.0 186.0 683.0
scab 0.011129609 1157.0 284.0 1252.0 424.0
scab 0.010704978 634.0 572.0 708.0 641.0
