scab 0.5440095 1525.0 703.0 1614.0 760.0
scab 0.5052656 611.0 499.0 707.0 645.0
scab 0.48967907 858.0 243.0 962.0 409.0
scab 0.39641166 1060.0 262.0 1147.0 382.0
scab 0.30520675 1151.0 137.0 1220.0 198.0
scab 0.26653817 616.0 330.0 705.0 472.0
scab 0.26574588 453.0 442.0 502.0 510.0
scab 0.25228432 1263.0 761.0 1360.0 908.0
scab 0.21253824 1041.0 482.0 1121.0 559.0
scab 0.19178422 464.0 335.0 546.0 414.0
scab 0.187307 952.0 463.0 1037.0 576.0
scab 0.1756218 541.0 790.0 634.0 947.0
scab 0.16922234 1023.0 128.0 1132.0 203.0
scab 0.16622391 1238.0 302.0 1370.0 396.0
scab 0.1631288 446.0 425.0 538.0 544.0
scab 0.1608401 1046.0 658.0 1099.0 731.0
scab 0.14736679 782.0 358.0 866.0 439.0
scab 0.13240859 1482.0 955.0 1567.0 1032.0
scab 0.13127635 919.0 568.0 1016.0 692.0
scab 0.12137277 1592.0 855.0 1723.0 958.0
scab 0.11435355 1694.0 465.0 1819.0 596.0
scab 0.11089743 122.0 4.0 207.0 137.0
scab 0.089893505 1339.0 598.0 1442.0 737.0
scab 0.080404475 1850.0 706.0 1927.0 772.0
scab 0.07993094 804.0 949.0 892.0 1028.0
scab 0.07897067 624.0 854.0 767.0 987.0
scab 0.07752812 928.0 138.0 1015.0 260.0
scab 0.07648749 1011.0 1017.0 1175.0 1165.0
scab 0.06992793 827.0 636.0 906.0 705.0
scab 0.065710336 805.0 1150.0 886.0 1263.0
scab 0.064599186 1334.0 661.0 1427.0 733.0
scab 0.05933278 1640.0 707.0 1711.0 765.0
scab 0.055747624 1039.0 642.0 1114.0 756.0
scab 0.053890195 888.0 356.0 968.0 428.0
scab 0.051581755 1425.0 680.0 1498.0 747.0
scab 0.051463973 1146.0 145.0 1280.0 257.0
scab 0.05124502 1371.0 657.0 1465.0 736.0
scab 0.050861016 941.0 468.0 1134.0 568.0
scab 0.050643798 449.0 195.0 610.0 295.0
scab 0.05017139 1192.0 185.0 1265.0 260.0
scab 0.048221353 1091.0 881.0 1187.0 1042.0
scab 0.046157815 734.0 619.0 788.0 686.0
scab 0.0458264 1375.0 953.0 1470.0 1077.0
scab 0.037857562 503.0 228.0 594.0 301.0
scab 0.036445726 808.0 591.0 1028.0 711.0
scab 0.036284197 1490.0 647.0 1628.0 766.0
scab 0.03598203 1449.0 464.0 1527.0 530.0
scab 0.034488138 818.0 599.0 914.0 731.0
scab 0.033944927 696.0 501.0 768.0 579.0
scab 0.033839657999999995 448.0 331.0 550.0 478.0
scab 0.03343395 1178.0 802.0 1267.0 938.0
scab 0.033312533 1737.0 486.0 1816.0 559.0
scab 0.032425243 1702.0 628.0 1744.0 663.0
scab 0.03034171 976.0 955.0 1200.0 1197.0
scab 0.029620051 548.0 769.0 697.0 983.0
scab 0.02685906 954.0 945.0 1054.0 1075.0
scab 0.026763786 767.0 907.0 906.0 1029.0
scab 0.026063863 1686.0 621.0 1753.0 676.0
scab 0.025249496 863.0 247.0 945.0 337.0
scab 0.024714649 1519.0 606.0 1672.0 717.0
scab 0.024139222 1175.0 1023.0 1340.0 1143.0
scab 0.022938613 1592.0 626.0 1669.0 710.0
scab 0.02286742 1835.0 685.0 1963.0 782.0
scab 0.022592532 612.0 253.0 711.0 397.0
scab 0.022512732 1513.0 680.0 1604.0 796.0
scab 0.02173372 1186.0 661.0 1265.0 730.0
scab 0.021731235 592.0 460.0 734.0 687.0
scab 0.021527173 1245.0 936.0 1442.0 1070.0
scab 0.021126898 1088.0 1025.0 1253.0 1155.0
scab 0.020738814 1705.0 934.0 1782.0 1057.0
scab 0.020149842 1931.0 554.0 2017.0 670.0
scab 0.01974183 327.0 522.0 486.0 623.0
scab 0.018220128 615.0 478.0 772.0 606.0
scab 0.018112883 1475.0 945.0 1622.0 1051.0
scab 0.017646248 1304.0 968.0 1466.0 1097.0
scab 0.017529911999999998 1505.0 598.0 1602.0 738.0
scab 0.01733473 1227.0 904.0 1369.0 1024.0
scab 0.017145593 414.0 525.0 498.0 605.0
scab 0.016508253 1369.0 951.0 1576.0 1053.0
scab 0.016192788 746.0 168.0 835.0 286.0
scab 0.016128618 1247.0 972.0 1355.0 1125.0
scab 0.016083825 428.0 378.0 562.0 528.0
scab 0.01593075 390.0 402.0 444.0 473.0
scab 0.01527708 1185.0 767.0 1348.0 978.0
scab 0.014913508 360.0 381.0 446.0 504.0
scab 0.014900175 1590.0 463.0 1673.0 535.0
scab 0.014772972 718.0 598.0 801.0 714.0
scab 0.014633253999999997 167.0 3.0 237.0 60.0
scab 0.014624787 6.0 1197.0 70.0 1258.0
scab 0.014617573 1005.0 1043.0 1101.0 1209.0
scab 0.014296628 614.0 809.0 713.0 960.0
scab 0.014155162 1742.0 711.0 1779.0 746.0
scab 0.013887488 814.0 822.0 861.0 877.0
scab 0.013320766 958.0 266.0 1042.0 393.0
scab 0.012977476000000002 169.0 169.0 246.0 225.0
scab 0.012973305 1574.0 612.0 1653.0 689.0
scab 0.012859232 354.0 548.0 432.0 615.0
scab 0.012535001 1384.0 649.0 1555.0 749.0
scab 0.012432873999999998 987.0 556.0 1042.0 623.0
scab 0.012207063 969.0 296.0 1026.0 373.0
scab 0.012170353 1085.0 1036.0 1192.0 1210.0
scab 0.0121473875 1559.0 632.0 1720.0 757.0
scab 0.011919878 1209.0 858.0 1303.0 989.0
scab 0.01108635 455.0 808.0 546.0 941.0
scab 0.011082456 942.0 183.0 1002.0 259.0
scab 0.010789457 396.0 601.0 483.0 662.0
scab 0.010373115 541.0 947.0 626.0 1036.0
scab 0.010247247 231.0 513.0 403.0 626.0
scab 0.010014247 753.0 348.0 849.0 472.0
scab 0.010007465 403.0 676.0 478.0 760.0
