scab 0.9131513 902.0 576.0 998.0 687.0
scab 0.81467223 1007.0 716.0 1099.0 826.0
scab 0.48921496 1214.0 581.0 1278.0 641.0
scab 0.4154876 1145.0 524.0 1183.0 564.0
scab 0.29856446 1161.0 476.0 1223.0 527.0
scab 0.06781431 334.0 639.0 419.0 705.0
scab 0.046960235 1040.0 624.0 1087.0 679.0
scab 0.043744896 584.0 776.0 661.0 861.0
scab 0.039005283 719.0 285.0 766.0 347.0
scab 0.02791553 407.0 529.0 460.0 597.0
scab 0.025156900000000003 1011.0 432.0 1047.0 470.0
scab 0.022641849 1306.0 515.0 1334.0 547.0
scab 0.022138437 1846.0 892.0 1920.0 974.0
scab 0.020159796 630.0 723.0 682.0 795.0
scab 0.019203192 919.0 807.0 951.0 845.0
scab 0.01914899 980.0 429.0 1008.0 461.0
scab 0.018921787 277.0 602.0 428.0 707.0
scab 0.018727006 522.0 598.0 564.0 660.0
scab 0.01494347 849.0 299.0 875.0 336.0
scab 0.014906994 901.0 631.0 923.0 665.0
scab 0.011800163 642.0 756.0 671.0 796.0
scab 0.011400935 1943.0 501.0 2021.0 625.0
