scab 0.70525914 1470.0 719.0 1567.0 841.0
scab 0.6032052 892.0 693.0 977.0 770.0
scab 0.54781175 588.0 835.0 662.0 909.0
scab 0.32936385 1120.0 602.0 1206.0 716.0
scab 0.25006396 1011.0 813.0 1179.0 952.0
scab 0.22557004 609.0 689.0 662.0 753.0
scab 0.20652376 408.0 516.0 480.0 572.0
scab 0.12456817 1384.0 1008.0 1417.0 1046.0
scab 0.11136681 1014.0 811.0 1098.0 927.0
scab 0.10798455 1239.0 1042.0 1313.0 1106.0
scab 0.08776064 1155.0 901.0 1282.0 1029.0
scab 0.06897059 458.0 662.0 539.0 724.0
scab 0.06716981 1077.0 847.0 1179.0 967.0
scab 0.054512847 1341.0 874.0 1418.0 938.0
scab 0.043937065 547.0 504.0 586.0 538.0
scab 0.043504335 1633.0 543.0 1706.0 624.0
scab 0.037293624 1552.0 820.0 1584.0 851.0
scab 0.036398083 328.0 790.0 411.0 859.0
scab 0.03536773 312.0 650.0 388.0 725.0
scab 0.022548715 313.0 770.0 388.0 838.0
scab 0.019467935 682.0 658.0 736.0 732.0
scab 0.018826853 703.0 801.0 731.0 836.0
scab 0.01826683 1449.0 969.0 1479.0 1000.0
scab 0.017985689 1039.0 278.0 1208.0 384.0
scab 0.01769704 1443.0 790.0 1492.0 848.0
scab 0.017153854 1641.0 647.0 1674.0 681.0
scab 0.01662055 1631.0 726.0 1678.0 782.0
scab 0.015949031000000002 806.0 1039.0 874.0 1102.0
scab 0.015571267 1399.0 891.0 1432.0 926.0
scab 0.015168848 283.0 608.0 379.0 737.0
scab 0.014812124 1302.0 767.0 1351.0 826.0
scab 0.013864351 451.0 655.0 604.0 751.0
scab 0.013044262 717.0 958.0 748.0 995.0
scab 0.012633732 448.0 481.0 479.0 510.0
scab 0.0123703545 1607.0 423.0 1690.0 554.0
scab 0.012199315 1300.0 763.0 1335.0 803.0
scab 0.011934533999999998 803.0 832.0 882.0 905.0
scab 0.011613382 1685.0 793.0 1720.0 834.0
scab 0.011604913 1468.0 418.0 1505.0 455.0
scab 0.011256952 1379.0 578.0 1426.0 638.0
scab 0.01082412 697.0 810.0 784.0 938.0
scab 0.010380385 883.0 670.0 1028.0 769.0
scab 0.010379763 1269.0 642.0 1357.0 766.0
