scab 0.7697007 953.0 585.0 1057.0 724.0
scab 0.6926199000000001 1149.0 671.0 1211.0 726.0
scab 0.63467675 726.0 681.0 789.0 736.0
scab 0.60687375 1074.0 789.0 1123.0 847.0
scab 0.5182325 899.0 885.0 947.0 941.0
scab 0.42700678 872.0 553.0 953.0 679.0
scab 0.40804696 1270.0 704.0 1313.0 770.0
scab 0.32828838 1313.0 706.0 1361.0 758.0
scab 0.32473055 1049.0 592.0 1128.0 714.0
scab 0.32320526 785.0 559.0 883.0 695.0
scab 0.27397555 811.0 396.0 882.0 473.0
scab 0.25599608 908.0 467.0 983.0 548.0
scab 0.24053274 1041.0 91.0 1089.0 152.0
scab 0.23239191 1045.0 598.0 1112.0 660.0
scab 0.20667648 653.0 230.0 688.0 274.0
scab 0.19594347 1150.0 614.0 1183.0 650.0
scab 0.1899524 1383.0 554.0 1413.0 592.0
scab 0.17255801 1377.0 723.0 1458.0 781.0
scab 0.1611255 641.0 599.0 692.0 670.0
scab 0.1474334 869.0 724.0 916.0 777.0
scab 0.14651598 1087.0 651.0 1139.0 705.0
scab 0.09494882 1376.0 754.0 1410.0 789.0
scab 0.08562593 1117.0 456.0 1203.0 539.0
scab 0.08337284 1035.0 673.0 1080.0 724.0
scab 0.08235142 1151.0 602.0 1211.0 655.0
scab 0.07961844 748.0 426.0 797.0 481.0
scab 0.07413143 702.0 598.0 773.0 665.0
scab 0.072287165 593.0 82.0 631.0 152.0
scab 0.070336066 692.0 507.0 778.0 587.0
scab 0.070162185 1379.0 685.0 1473.0 801.0
scab 0.06173108 651.0 514.0 732.0 582.0
scab 0.05931139 792.0 669.0 837.0 721.0
scab 0.053280987 794.0 169.0 836.0 238.0
scab 0.05122452 764.0 796.0 797.0 835.0
scab 0.050523885 590.0 235.0 639.0 305.0
scab 0.0487525 955.0 591.0 1039.0 667.0
scab 0.043438297 662.0 646.0 727.0 703.0
scab 0.04296963 1372.0 684.0 1395.0 709.0
rust 0.04196215 573.0 97.0 609.0 167.0
scab 0.04043398 1086.0 10.0 1115.0 48.0
scab 0.039961874 802.0 629.0 889.0 708.0
scab 0.039421227 492.0 799.0 541.0 854.0
scab 0.036923256 840.0 566.0 941.0 648.0
scab 0.034472976 967.0 396.0 1047.0 513.0
scab 0.034418713 779.0 483.0 865.0 550.0
scab 0.03346813 1150.0 545.0 1221.0 620.0
scab 0.032138746 849.0 902.0 891.0 955.0
scab 0.031401917 1052.0 436.0 1204.0 541.0
scab 0.030156352 1140.0 551.0 1224.0 677.0
scab 0.027878365 712.0 492.0 862.0 585.0
scab 0.026593706 961.0 658.0 1035.0 731.0
scab 0.025068207 717.0 521.0 799.0 601.0
scab 0.024325352 1400.0 678.0 1477.0 750.0
scab 0.022855343 1390.0 594.0 1421.0 631.0
scab 0.022414206 1345.0 637.0 1396.0 696.0
scab 0.022037365 683.0 467.0 959.0 692.0
scab 0.021370389 636.0 598.0 774.0 702.0
scab 0.0207928 1149.0 446.0 1207.0 520.0
scab 0.02077529 679.0 659.0 720.0 698.0
scab 0.01960309 1277.0 704.0 1356.0 769.0
scab 0.019220479 776.0 517.0 1012.0 708.0
scab 0.01792326 1169.0 608.0 1206.0 644.0
scab 0.017531883 1113.0 768.0 1141.0 803.0
scab 0.017303282 638.0 2.0 669.0 33.0
scab 0.01706232 634.0 567.0 714.0 691.0
scab 0.01589426 1183.0 605.0 1213.0 639.0
scab 0.015235203 1378.0 553.0 1422.0 615.0
scab 0.01514216 1321.0 692.0 1382.0 753.0
scab 0.013794922 991.0 597.0 1071.0 669.0
scab 0.013249029 639.0 509.0 783.0 628.0
scab 0.01314676 1381.0 579.0 1428.0 636.0
scab 0.01288972 578.0 596.0 630.0 668.0
scab 0.011868405 578.0 182.0 607.0 221.0
scab 0.011816288 1125.0 397.0 1213.0 525.0
scab 0.011790948 1268.0 857.0 1318.0 912.0
scab 0.011663934 332.0 743.0 381.0 809.0
scab 0.011598494 1376.0 713.0 1427.0 769.0
scab 0.011560215 631.0 38.0 658.0 72.0
scab 0.011492191 1439.0 738.0 1476.0 773.0
scab 0.011185903 449.0 738.0 510.0 818.0
scab 0.011146494 825.0 489.0 899.0 562.0
scab 0.011016397 1328.0 711.0 1370.0 748.0
scab 0.01073018 968.0 401.0 1023.0 477.0
scab 0.010500406 739.0 502.0 837.0 646.0
scab 0.010462311 1276.0 703.0 1305.0 742.0
scab 0.010241103 1039.0 428.0 1127.0 551.0
