scab 0.9377765 1132.0 772.0 1201.0 835.0
scab 0.49307197 985.0 744.0 1085.0 813.0
scab 0.32234636 781.0 704.0 854.0 767.0
scab 0.317687 1549.0 56.0 1681.0 230.0
scab 0.21308625 928.0 722.0 1011.0 801.0
scab 0.2062672 323.0 638.0 417.0 760.0
scab 0.17983286 1057.0 817.0 1090.0 852.0
scab 0.16027093 845.0 720.0 927.0 796.0
scab 0.121557415 919.0 926.0 984.0 979.0
scab 0.11374184 50.0 747.0 192.0 863.0
scab 0.08726323400000001 353.0 614.0 435.0 730.0
scab 0.087042965 230.0 685.0 331.0 827.0
scab 0.061681673 1707.0 234.0 1759.0 291.0
scab 0.046293344000000014 795.0 703.0 941.0 792.0
scab 0.038121007 387.0 550.0 453.0 611.0
scab 0.036486357 877.0 724.0 977.0 797.0
scab 0.033305123 772.0 686.0 820.0 752.0
scab 0.03321118 762.0 812.0 832.0 877.0
scab 0.03245103 235.0 763.0 310.0 836.0
scab 0.02975895 268.0 682.0 355.0 810.0
scab 0.029378477000000007 173.0 822.0 219.0 875.0
scab 0.02698139 1264.0 625.0 1292.0 661.0
scab 0.021692283 1451.0 125.0 1520.0 183.0
scab 0.020532386 1034.0 756.0 1083.0 810.0
scab 0.017889844 1250.0 956.0 1320.0 1014.0
scab 0.016089639 807.0 715.0 843.0 758.0
scab 0.015540051 1222.0 593.0 1247.0 629.0
scab 0.0150407795 1317.0 907.0 1344.0 937.0
scab 0.014596143999999997 292.0 695.0 370.0 779.0
scab 0.014549977 590.0 820.0 679.0 949.0
scab 0.013864645 203.0 761.0 232.0 798.0
scab 0.013090792 886.0 730.0 1052.0 812.0
scab 0.0129587315 182.0 701.0 211.0 741.0
scab 0.012638169 922.0 737.0 977.0 808.0
scab 0.012520891 1238.0 846.0 1262.0 876.0
scab 0.011653856 1307.0 849.0 1364.0 920.0
scab 0.010380587 791.0 841.0 824.0 876.0
