scab 0.85415757 941.0 294.0 1081.0 423.0
scab 0.792175 910.0 424.0 987.0 545.0
scab 0.76692855 1111.0 419.0 1227.0 576.0
scab 0.70073307 1226.0 509.0 1318.0 623.0
scab 0.666317 995.0 427.0 1083.0 550.0
scab 0.6428209 735.0 431.0 824.0 561.0
scab 0.38414386 1694.0 579.0 1781.0 716.0
scab 0.37331325 1255.0 338.0 1328.0 416.0
scab 0.3472234 588.0 442.0 680.0 565.0
scab 0.29454914 956.0 216.0 1029.0 287.0
scab 0.23325336 1620.0 574.0 1689.0 643.0
scab 0.20487310000000006 1426.0 596.0 1502.0 663.0
scab 0.18638834 1323.0 567.0 1396.0 641.0
scab 0.14475998 1603.0 553.0 1692.0 678.0
scab 0.096536204 1231.0 702.0 1320.0 756.0
scab 0.085909024 407.0 474.0 486.0 586.0
scab 0.07805596 1293.0 422.0 1370.0 491.0
scab 0.07566939 235.0 431.0 303.0 497.0
rust 0.07277332 879.0 344.0 909.0 387.0
scab 0.06982789 322.0 588.0 419.0 656.0
scab 0.05744969 524.0 481.0 597.0 557.0
scab 0.045090362 622.0 461.0 674.0 538.0
scab 0.04391709 1770.0 548.0 1859.0 701.0
scab 0.040261317000000005 333.0 526.0 408.0 596.0
scab 0.03841457 472.0 215.0 499.0 248.0
scab 0.032686174 518.0 327.0 570.0 385.0
scab 0.032485012 1719.0 524.0 1949.0 735.0
scab 0.03197273 1525.0 592.0 1617.0 670.0
scab 0.027790759 960.0 394.0 994.0 430.0
scab 0.02671072 282.0 592.0 382.0 661.0
rust 0.026351996000000003 623.0 478.0 646.0 517.0
scab 0.023062369 745.0 476.0 801.0 569.0
scab 0.021752194 1448.0 475.0 1520.0 537.0
scab 0.018417932 326.0 485.0 481.0 586.0
scab 0.016858889 750.0 446.0 806.0 518.0
scab 0.016253616999999998 1651.0 697.0 1686.0 733.0
scab 0.015870135 637.0 480.0 664.0 522.0
scab 0.0151274605 1411.0 516.0 1461.0 570.0
scab 0.0137764085 1769.0 590.0 1932.0 715.0
scab 0.01374812 1794.0 555.0 1844.0 619.0
scab 0.012600691 1007.0 458.0 1066.0 538.0
scab 0.011356686 1414.0 449.0 1538.0 554.0
scab 0.010717691 1738.0 688.0 1769.0 724.0
scab 0.010616508 1642.0 528.0 1670.0 571.0
scab 0.010472446 931.0 194.0 1060.0 293.0
scab 0.010455008 931.0 182.0 981.0 231.0
scab 0.010369566 516.0 510.0 567.0 575.0
scab 0.010008278 1460.0 485.0 1542.0 553.0
