rust 0.9026778 612.0 907.0 745.0 1035.0
scab 0.54495806 899.0 748.0 929.0 784.0
rust 0.41509134 1108.0 600.0 1142.0 632.0
scab 0.24740736 1366.0 178.0 1442.0 293.0
scab 0.23404178 1390.0 757.0 1418.0 789.0
scab 0.17745663 774.0 961.0 824.0 1011.0
scab 0.14755557 1457.0 618.0 1494.0 653.0
rust 0.11179292 568.0 441.0 638.0 509.0
scab 0.052949976 1691.0 663.0 1737.0 720.0
scab 0.042097263 1034.0 499.0 1067.0 532.0
scab 0.042032808 1148.0 779.0 1173.0 811.0
scab 0.03426487 560.0 925.0 609.0 982.0
scab 0.029342564 1000.0 716.0 1025.0 748.0
scab 0.027168589 1471.0 460.0 1494.0 493.0
scab 0.02475827 487.0 118.0 532.0 168.0
scab 0.023694681 817.0 638.0 862.0 696.0
scab 0.023646157 1107.0 113.0 1135.0 149.0
scab 0.020781629 1345.0 879.0 1377.0 917.0
scab 0.020360317 1011.0 805.0 1033.0 836.0
scab 0.015367613 919.0 615.0 954.0 650.0
scab 0.01437245 367.0 111.0 416.0 179.0
scab 0.013173809 1426.0 426.0 1448.0 458.0
scab 0.012432522 242.0 323.0 288.0 387.0
scab 0.012232255 1253.0 871.0 1289.0 906.0
scab 0.010583203 959.0 187.0 987.0 228.0
scab 0.010551997 1414.0 599.0 1438.0 628.0
scab 0.010519801 822.0 707.0 869.0 765.0
