rust 0.9447723 1044.0 652.0 1072.0 694.0
rust 0.9204971 1602.0 733.0 1634.0 774.0
rust 0.91283625 961.0 518.0 1006.0 574.0
rust 0.8966630999999999 694.0 467.0 736.0 518.0
rust 0.8797425999999999 645.0 482.0 688.0 535.0
rust 0.8461249 1272.0 453.0 1315.0 504.0
rust 0.7950837 1253.0 599.0 1292.0 651.0
rust 0.77953714 1509.0 810.0 1537.0 848.0
rust 0.7366508 797.0 450.0 821.0 484.0
rust 0.73491347 579.0 755.0 608.0 788.0
rust 0.7204055 594.0 690.0 631.0 736.0
rust 0.5976311 29.0 120.0 68.0 156.0
rust 0.5858795 1419.0 287.0 1455.0 328.0
rust 0.55338734 1609.0 296.0 1659.0 352.0
rust 0.49620485 1849.0 417.0 1895.0 453.0
rust 0.45981142 991.0 896.0 1052.0 947.0
rust 0.441933 1244.0 764.0 1270.0 802.0
rust 0.32689625 394.0 732.0 426.0 765.0
rust 0.31616077 621.0 103.0 668.0 146.0
rust 0.25381684 1877.0 606.0 1905.0 636.0
rust 0.2514697 823.0 341.0 865.0 400.0
scab 0.11015237 1279.0 1028.0 1350.0 1082.0
rust 0.0989431 88.0 66.0 115.0 98.0
rust 0.07777373 737.0 326.0 766.0 365.0
scab 0.037903234 1115.0 750.0 1155.0 808.0
scab 0.03372841 1678.0 499.0 1751.0 580.0
scab 0.02779936 1281.0 1066.0 1312.0 1099.0
scab 0.025993371 823.0 226.0 867.0 260.0
rust 0.025734063 470.0 430.0 522.0 496.0
scab 0.025332278 1749.0 791.0 1780.0 823.0
scab 0.022062618 1394.0 865.0 1415.0 902.0
rust 0.020367136 1727.0 499.0 1751.0 531.0
rust 0.019326491 1862.0 636.0 1884.0 666.0
scab 0.018962743 1184.0 377.0 1211.0 417.0
scab 0.018837035 788.0 779.0 811.0 807.0
scab 0.018057145 1086.0 96.0 1109.0 125.0
scab 0.017735567 835.0 534.0 852.0 559.0
scab 0.017223025 1281.0 673.0 1302.0 716.0
scab 0.016705338 1366.0 1302.0 1429.0 1357.0
scab 0.014685815 26.0 234.0 68.0 296.0
scab 0.013446428 364.0 671.0 389.0 707.0
rust 0.011732265 483.0 454.0 515.0 496.0
scab 0.011489541 1642.0 809.0 1695.0 872.0
rust 0.011450803 569.0 900.0 635.0 960.0
scab 0.011403907 626.0 996.0 660.0 1027.0
rust 0.010498112 10.0 639.0 44.0 677.0
rust 0.010104185 555.0 78.0 577.0 117.0
