scab 0.52793413 1164.0 586.0 1241.0 669.0
scab 0.5193442 1090.0 756.0 1224.0 883.0
scab 0.4807625 499.0 721.0 553.0 788.0
scab 0.47836637 678.0 810.0 751.0 871.0
scab 0.45091295 997.0 869.0 1082.0 941.0
scab 0.4055968 784.0 819.0 865.0 936.0
scab 0.3469237 1435.0 274.0 1488.0 341.0
scab 0.32632740000000005 1000.0 638.0 1097.0 771.0
scab 0.2700964 818.0 552.0 905.0 669.0
scab 0.2593469 1387.0 402.0 1486.0 456.0
scab 0.23285192 560.0 719.0 660.0 795.0
scab 0.228217 755.0 702.0 841.0 774.0
scab 0.20952766 906.0 622.0 1003.0 782.0
scab 0.19564573 1041.0 520.0 1129.0 644.0
scab 0.1878779 1193.0 677.0 1267.0 755.0
scab 0.18681546 1301.0 269.0 1353.0 340.0
scab 0.13392152 340.0 428.0 494.0 523.0
scab 0.13391145 504.0 529.0 585.0 605.0
scab 0.13100147 671.0 677.0 754.0 797.0
scab 0.12808916 922.0 613.0 974.0 694.0
scab 0.12616327 962.0 513.0 1030.0 576.0
scab 0.11585771 1255.0 555.0 1324.0 675.0
scab 0.1132336 1665.0 349.0 1731.0 408.0
scab 0.09271774 554.0 623.0 670.0 798.0
scab 0.09195802 882.0 680.0 973.0 759.0
scab 0.09034902 1564.0 346.0 1606.0 405.0
scab 0.08941898 691.0 694.0 782.0 777.0
scab 0.08710373 1285.0 942.0 1369.0 1059.0
scab 0.07909019 902.0 497.0 960.0 581.0
scab 0.07839459 1111.0 687.0 1157.0 744.0
scab 0.07573210400000001 855.0 489.0 957.0 566.0
scab 0.075126804 712.0 555.0 798.0 627.0
scab 0.0701073 570.0 615.0 640.0 673.0
scab 0.06929181 1216.0 217.0 1286.0 284.0
scab 0.064607166 1532.0 419.0 1568.0 455.0
scab 0.06357208 1149.0 500.0 1233.0 582.0
scab 0.061937682 1845.0 307.0 1931.0 390.0
scab 0.055158053 790.0 850.0 943.0 963.0
scab 0.05436926 1773.0 208.0 1852.0 324.0
scab 0.052918416 747.0 624.0 798.0 684.0
scab 0.052638877 838.0 888.0 938.0 957.0
scab 0.044274963 131.0 472.0 314.0 563.0
scab 0.044238195 710.0 683.0 849.0 787.0
scab 0.043304686 943.0 760.0 994.0 838.0
scab 0.042779405 675.0 561.0 803.0 663.0
scab 0.039017428 958.0 629.0 1045.0 778.0
scab 0.038750544 1179.0 750.0 1227.0 804.0
scab 0.036555376 853.0 772.0 922.0 838.0
scab 0.03652858 1401.0 601.0 1449.0 660.0
scab 0.03605261 1365.0 306.0 1399.0 346.0
scab 0.034448758 434.0 755.0 484.0 813.0
scab 0.03322026 1113.0 563.0 1245.0 663.0
scab 0.032653406 812.0 549.0 863.0 625.0
scab 0.032313008 1051.0 696.0 1105.0 770.0
scab 0.029705722 1288.0 956.0 1340.0 1033.0
scab 0.029310163 157.0 468.0 250.0 547.0
scab 0.029163215 558.0 687.0 752.0 791.0
scab 0.028937085 565.0 606.0 652.0 723.0
scab 0.026401944 569.0 468.0 640.0 542.0
scab 0.026334982000000003 1073.0 548.0 1159.0 620.0
scab 0.026225822000000003 1835.0 190.0 1971.0 300.0
scab 0.025496349 1532.0 408.0 1608.0 465.0
scab 0.02515673 1343.0 869.0 1394.0 949.0
rust 0.024488622 1707.0 457.0 1764.0 537.0
scab 0.024306044 574.0 664.0 641.0 720.0
scab 0.02386256 1003.0 472.0 1069.0 532.0
scab 0.022468902 855.0 492.0 904.0 561.0
scab 0.021913178 1643.0 353.0 1734.0 478.0
scab 0.01962245 1177.0 230.0 1220.0 300.0
scab 0.018957987 1569.0 410.0 1616.0 465.0
scab 0.018826867 1226.0 800.0 1260.0 837.0
scab 0.018679854 809.0 517.0 938.0 645.0
scab 0.018346531 981.0 947.0 1031.0 1000.0
scab 0.018245503 1140.0 1148.0 1233.0 1304.0
scab 0.01760378 1299.0 1085.0 1356.0 1164.0
scab 0.016979873 608.0 718.0 687.0 793.0
scab 0.016679581000000002 926.0 673.0 1016.0 760.0
scab 0.016205404 654.0 571.0 741.0 650.0
scab 0.0154910255 1366.0 300.0 1414.0 363.0
scab 0.015484096 460.0 548.0 540.0 620.0
scab 0.015139926 1111.0 301.0 1161.0 362.0
scab 0.014968676499999996 1809.0 850.0 1835.0 890.0
scab 0.014538511 1620.0 406.0 1692.0 476.0
scab 0.013609989 787.0 804.0 855.0 884.0
scab 0.01350837 845.0 678.0 928.0 755.0
scab 0.013355889 656.0 584.0 749.0 738.0
scab 0.012621752 966.0 478.0 1048.0 595.0
scab 0.012302681 983.0 674.0 1040.0 760.0
scab 0.012195709 1443.0 287.0 1477.0 328.0
scab 0.011867081000000002 1116.0 571.0 1170.0 638.0
scab 0.011457498 1162.0 1202.0 1248.0 1288.0
scab 0.011446125 358.0 793.0 390.0 820.0
scab 0.011417548 1316.0 435.0 1356.0 471.0
scab 0.011233666000000002 758.0 569.0 841.0 638.0
scab 0.011117078999999998 500.0 479.0 642.0 587.0
scab 0.011054517 1281.0 714.0 1331.0 769.0
scab 0.010938572 631.0 654.0 777.0 774.0
scab 0.010886035 1435.0 398.0 1484.0 450.0
scab 0.0105618695 1227.0 1153.0 1279.0 1215.0
scab 0.010370799 1888.0 223.0 1966.0 300.0
scab 0.010093216 339.0 784.0 369.0 811.0
