rust 0.9484484 675.0 787.0 701.0 819.0
rust 0.9227774 680.0 747.0 711.0 783.0
rust 0.8800683000000001 382.0 1102.0 409.0 1136.0
rust 0.86047447 493.0 538.0 525.0 581.0
rust 0.83109754 267.0 978.0 300.0 1017.0
rust 0.8234385000000001 1427.0 662.0 1459.0 699.0
rust 0.7485324999999999 1183.0 718.0 1211.0 750.0
rust 0.6873114 944.0 479.0 981.0 515.0
rust 0.6319599 453.0 829.0 480.0 857.0
rust 0.55979705 914.0 586.0 936.0 614.0
rust 0.4519915 249.0 1112.0 279.0 1144.0
rust 0.40689623 479.0 1132.0 515.0 1167.0
rust 0.3936266 24.0 1023.0 55.0 1063.0
rust 0.3828527 93.0 1241.0 128.0 1283.0
scab 0.35500795 407.0 986.0 433.0 1030.0
rust 0.34344286 1031.0 788.0 1064.0 821.0
rust 0.31831744 1324.0 543.0 1346.0 578.0
scab 0.3101717 558.0 841.0 579.0 869.0
scab 0.31010395 1506.0 759.0 1556.0 806.0
rust 0.22489889 816.0 704.0 864.0 736.0
rust 0.18212411 1482.0 562.0 1514.0 596.0
scab 0.13742642 870.0 877.0 896.0 911.0
scab 0.12568903 708.0 857.0 729.0 887.0
scab 0.068216644 1481.0 610.0 1500.0 637.0
scab 0.06128842 590.0 835.0 617.0 866.0
scab 0.05844672 564.0 1106.0 597.0 1145.0
scab 0.053267214000000014 975.0 812.0 998.0 840.0
scab 0.045140307000000005 1387.0 1202.0 1434.0 1255.0
scab 0.024491373 689.0 552.0 729.0 620.0
scab 0.023835022 266.0 651.0 296.0 690.0
scab 0.023525488 939.0 792.0 961.0 823.0
scab 0.021769552 556.0 1099.0 589.0 1137.0
scab 0.020941434 942.0 522.0 963.0 554.0
scab 0.020242704 683.0 482.0 752.0 558.0
scab 0.019197771 330.0 813.0 375.0 871.0
scab 0.018583486 466.0 818.0 535.0 872.0
scab 0.01726531 1449.0 1144.0 1486.0 1180.0
scab 0.017114466000000002 282.0 312.0 334.0 363.0
scab 0.016466292 460.0 680.0 485.0 719.0
scab 0.015358901 1258.0 755.0 1294.0 792.0
scab 0.015122261 769.0 512.0 819.0 575.0
scab 0.011960202 1029.0 549.0 1047.0 577.0
scab 0.011912384 289.0 1280.0 318.0 1315.0
scab 0.010496577 1604.0 1077.0 1652.0 1130.0
scab 0.010405172 382.0 810.0 454.0 879.0
