scab 0.91089314 1372.0 836.0 1486.0 985.0
scab 0.7955899999999999 1160.0 439.0 1262.0 569.0
scab 0.79228073 1294.0 494.0 1400.0 627.0
scab 0.7652057 1203.0 714.0 1343.0 834.0
scab 0.7493061 1559.0 745.0 1718.0 920.0
scab 0.7248690999999999 1362.0 690.0 1518.0 803.0
scab 0.7208526999999999 1380.0 992.0 1475.0 1116.0
scab 0.71471703 1112.0 1100.0 1253.0 1240.0
scab 0.6991738000000001 1047.0 381.0 1179.0 511.0
scab 0.6416468000000001 654.0 1028.0 746.0 1146.0
scab 0.55332685 530.0 1027.0 619.0 1135.0
rust 0.54957706 1857.0 1071.0 1924.0 1137.0
scab 0.52868176 1809.0 673.0 1885.0 746.0
scab 0.5247918 787.0 1024.0 880.0 1140.0
scab 0.51545066 630.0 851.0 770.0 1010.0
rust 0.4845786 974.0 532.0 1009.0 595.0
scab 0.48429337 757.0 1037.0 900.0 1251.0
scab 0.42434722 1118.0 995.0 1233.0 1098.0
scab 0.4143027 973.0 1098.0 1091.0 1257.0
scab 0.34089375 997.0 1015.0 1071.0 1093.0
scab 0.30387226 602.0 1004.0 652.0 1061.0
scab 0.28977782 818.0 879.0 925.0 1036.0
scab 0.27283937 1597.0 592.0 1720.0 698.0
scab 0.23907074 1154.0 610.0 1246.0 695.0
scab 0.23651977 750.0 695.0 837.0 813.0
scab 0.16902864 968.0 937.0 1062.0 1075.0
scab 0.1686991 909.0 847.0 991.0 932.0
scab 0.13042131 1298.0 867.0 1371.0 948.0
rust 0.12785663 1321.0 203.0 1371.0 248.0
rust 0.10938171 1452.0 1316.0 1501.0 1361.0
scab 0.099035 852.0 968.0 932.0 1054.0
scab 0.08193146400000001 744.0 1166.0 819.0 1243.0
scab 0.06434013 1557.0 337.0 1666.0 487.0
scab 0.06318167599999999 1685.0 1239.0 1760.0 1312.0
rust 0.06035224 1692.0 566.0 1728.0 600.0
scab 0.060290903 744.0 1149.0 893.0 1251.0
rust 0.05933994400000001 1439.0 595.0 1476.0 634.0
scab 0.054347023 1747.0 1061.0 1816.0 1125.0
scab 0.049542677 576.0 697.0 740.0 818.0
scab 0.045377135 825.0 847.0 989.0 966.0
scab 0.04044901 989.0 939.0 1049.0 1015.0
scab 0.03754966 1003.0 881.0 1034.0 923.0
scab 0.037480947 891.0 1102.0 917.0 1133.0
scab 0.035022367 533.0 761.0 641.0 906.0
scab 0.026590912 532.0 679.0 763.0 905.0
scab 0.026065422 1224.0 1092.0 1260.0 1130.0
scab 0.025666002 849.0 509.0 919.0 586.0
scab 0.024962818 1754.0 1163.0 1801.0 1217.0
scab 0.024720207 1170.0 212.0 1246.0 281.0
scab 0.022824513 696.0 887.0 782.0 1014.0
scab 0.021992328 1056.0 937.0 1099.0 1001.0
scab 0.021237783 691.0 806.0 779.0 883.0
scab 0.02033652 1071.0 849.0 1101.0 894.0
scab 0.019796297 999.0 1221.0 1030.0 1262.0
scab 0.018276278 651.0 697.0 840.0 815.0
scab 0.0180144 815.0 901.0 899.0 993.0
scab 0.017952511 951.0 979.0 992.0 1044.0
scab 0.017450627 1776.0 509.0 1861.0 629.0
scab 0.016951561 878.0 864.0 933.0 944.0
scab 0.016925162 1390.0 545.0 1414.0 574.0
scab 0.016834162 926.0 486.0 974.0 556.0
scab 0.016507108 725.0 1002.0 777.0 1066.0
scab 0.016070556 1864.0 921.0 1910.0 976.0
scab 0.01572343 652.0 709.0 749.0 845.0
rust 0.015567585 1026.0 481.0 1048.0 515.0
scab 0.015272955 1022.0 713.0 1046.0 744.0
scab 0.014566458 625.0 883.0 706.0 1018.0
scab 0.0140964 1119.0 934.0 1148.0 971.0
scab 0.013441603 931.0 1071.0 968.0 1111.0
scab 0.012203389 557.0 922.0 625.0 989.0
scab 0.012196573999999998 861.0 486.0 883.0 520.0
scab 0.011931667 1894.0 828.0 1971.0 909.0
scab 0.011504152 1567.0 941.0 1652.0 1074.0
scab 0.011364233 1319.0 276.0 1347.0 309.0
scab 0.011269484 631.0 894.0 766.0 1108.0
scab 0.011119155 1173.0 860.0 1201.0 906.0
scab 0.01090093 849.0 680.0 931.0 807.0
scab 0.010725333 1359.0 710.0 1504.0 961.0
scab 0.010599068 1408.0 909.0 1429.0 947.0
scab 0.010461279 559.0 711.0 669.0 869.0
scab 0.010443317 1881.0 698.0 1907.0 731.0
