scab 0.8497686 942.0 735.0 1079.0 859.0
scab 0.6497754 1186.0 734.0 1274.0 875.0
scab 0.44645238 385.0 843.0 536.0 956.0
scab 0.32205477 239.0 754.0 379.0 858.0
scab 0.31003237 269.0 782.0 351.0 859.0
scab 0.2789501 1099.0 724.0 1189.0 846.0
scab 0.2217839 1376.0 654.0 1460.0 774.0
scab 0.16121323 183.0 340.0 276.0 419.0
scab 0.11197937 449.0 846.0 556.0 923.0
scab 0.08461745 310.0 322.0 387.0 391.0
scab 0.050235633 664.0 720.0 758.0 855.0
scab 0.042571317 478.0 273.0 511.0 313.0
scab 0.011645516000000002 394.0 867.0 483.0 953.0
scab 0.011323882 589.0 656.0 636.0 723.0
scab 0.010560465 356.0 714.0 452.0 848.0
scab 0.010449503 784.0 830.0 880.0 1004.0
