rust 0.91099155 1063.0 652.0 1100.0 690.0
rust 0.8434562 1134.0 435.0 1182.0 488.0
rust 0.7096245 994.0 667.0 1049.0 728.0
rust 0.6956732 1413.0 687.0 1463.0 737.0
rust 0.43185866 0.0 274.0 30.0 346.0
rust 0.28523076 1240.0 485.0 1290.0 534.0
rust 0.23311016 908.0 601.0 957.0 652.0
rust 0.20505583 4.0 101.0 27.0 143.0
rust 0.17727754 1236.0 496.0 1267.0 535.0
rust 0.14220949 928.0 605.0 959.0 643.0
rust 0.11079702 1124.0 436.0 1154.0 479.0
rust 0.092603676 1410.0 693.0 1440.0 733.0
rust 0.07075018 894.0 566.0 921.0 601.0
scab 0.06302461 1236.0 529.0 1260.0 560.0
scab 0.06032055 1272.0 435.0 1294.0 466.0
scab 0.0400389 1118.0 1114.0 1139.0 1144.0
rust 0.038698588 849.0 542.0 927.0 619.0
scab 0.037868556 1338.0 546.0 1362.0 592.0
rust 0.024849556 1544.0 532.0 1579.0 566.0
scab 0.023683704 1209.0 958.0 1232.0 995.0
scab 0.022981701 1433.0 280.0 1462.0 311.0
scab 0.020913403 1200.0 875.0 1218.0 905.0
rust 0.020543067 1532.0 487.0 1565.0 525.0
scab 0.01864788 868.0 1270.0 947.0 1354.0
rust 0.015882285 862.0 534.0 954.0 647.0
rust 0.015252847 1990.0 48.0 2025.0 85.0
scab 0.013784023 1999.0 253.0 2047.0 315.0
scab 0.013560037 1619.0 553.0 1684.0 615.0
scab 0.012158242 819.0 1104.0 840.0 1141.0
scab 0.01127077 1049.0 803.0 1067.0 833.0
scab 0.011037181 1510.0 684.0 1530.0 713.0
scab 0.010772705 606.0 870.0 638.0 908.0
scab 0.010391575 779.0 1022.0 815.0 1086.0
scab 0.010381865 755.0 1105.0 777.0 1141.0
scab 0.010203231 1659.0 495.0 1732.0 559.0
scab 0.010105477 1066.0 758.0 1086.0 787.0
