scab 0.19462463 862.0 410.0 967.0 585.0
scab 0.1524845 1325.0 780.0 1376.0 854.0
scab 0.1456276 1099.0 590.0 1186.0 739.0
scab 0.142925 673.0 719.0 750.0 858.0
scab 0.12256021 838.0 439.0 931.0 606.0
scab 0.117354006 1036.0 929.0 1122.0 1087.0
scab 0.08085586 904.0 411.0 997.0 576.0
scab 0.07744616 1135.0 614.0 1184.0 693.0
scab 0.07737375 1604.0 889.0 1651.0 965.0
scab 0.06280722 692.0 742.0 744.0 823.0
scab 0.056245297 904.0 524.0 954.0 597.0
scab 0.055581164 1004.0 592.0 1054.0 667.0
scab 0.052407514 1310.0 756.0 1387.0 888.0
scab 0.04813594 928.0 447.0 975.0 512.0
scab 0.046960812000000005 1002.0 554.0 1084.0 696.0
scab 0.041531213 1049.0 948.0 1093.0 1002.0
scab 0.03942415 967.0 925.0 1047.0 1071.0
scab 0.030080924 1122.0 625.0 1171.0 718.0
scab 0.02554528 995.0 486.0 1041.0 567.0
scab 0.02536475 1597.0 850.0 1673.0 998.0
scab 0.017221285 1011.0 379.0 1058.0 452.0
scab 0.014201785 650.0 749.0 770.0 824.0
scab 0.013219931 1337.0 798.0 1366.0 844.0
scab 0.012649011000000002 1005.0 332.0 1082.0 492.0
scab 0.012483976 1381.0 768.0 1423.0 835.0
scab 0.012383027 1595.0 876.0 1637.0 945.0
scab 0.011837183000000001 936.0 950.0 1081.0 1042.0
scab 0.011157694 1715.0 824.0 1761.0 898.0
scab 0.010645016 961.0 460.0 1041.0 595.0
