rust 0.5075305 1581.0 994.0 1647.0 1069.0
rust 0.42387012 636.0 1096.0 665.0 1136.0
rust 0.08034768 736.0 0.0 785.0 57.0
rust 0.0787279 1185.0 110.0 1230.0 168.0
rust 0.06792183 523.0 737.0 548.0 772.0
rust 0.056570925 259.0 1247.0 285.0 1283.0
rust 0.04270419 1047.0 296.0 1099.0 355.0
scab 0.034247562 160.0 801.0 207.0 879.0
rust 0.031936176000000004 654.0 718.0 681.0 755.0
rust 0.023939158999999998 747.0 6.0 780.0 43.0
rust 0.023509644 1650.0 1233.0 1690.0 1295.0
scab 0.02088022 636.0 1096.0 665.0 1136.0
rust 0.018717933 1992.0 1025.0 2032.0 1096.0
scab 0.018196294 1581.0 994.0 1647.0 1069.0
rust 0.017773598 1057.0 307.0 1089.0 344.0
scab 0.014359843 654.0 718.0 681.0 755.0
rust 0.013467976999999999 1596.0 1011.0 1631.0 1059.0
rust 0.012200458999999999 225.0 1209.0 252.0 1247.0
rust 0.012027521000000001 298.0 1293.0 327.0 1332.0
scab 0.010757201000000001 259.0 1247.0 285.0 1283.0
scab 0.01020624 1185.0 110.0 1230.0 168.0
