scab 0.42786402 825.0 1008.0 915.0 1166.0
scab 0.41134220000000005 836.0 678.0 928.0 812.0
scab 0.28289586 1174.0 935.0 1254.0 1075.0
scab 0.28001544 994.0 679.0 1099.0 818.0
scab 0.25524014 1042.0 426.0 1123.0 571.0
scab 0.23826239999999999 578.0 531.0 672.0 698.0
scab 0.2303209 735.0 621.0 830.0 779.0
scab 0.19398572 1219.0 767.0 1305.0 905.0
scab 0.18978484 663.0 796.0 755.0 942.0
scab 0.18241726 965.0 683.0 1056.0 809.0
scab 0.17750770000000002 1164.0 670.0 1259.0 810.0
scab 0.1755537 736.0 323.0 834.0 468.0
scab 0.1739619 915.0 897.0 1000.0 1038.0
scab 0.16799779 613.0 751.0 708.0 901.0
scab 0.15859972 913.0 508.0 1007.0 654.0
scab 0.15618536 787.0 840.0 880.0 989.0
scab 0.14912759 693.0 802.0 793.0 953.0
scab 0.14236079999999998 961.0 241.0 1052.0 412.0
scab 0.1406734 565.0 361.0 662.0 531.0
scab 0.11573383 913.0 285.0 1012.0 434.0
scab 0.11314944 494.0 884.0 584.0 1021.0
scab 0.11007887 951.0 1017.0 1041.0 1162.0
scab 0.10854102 1184.0 972.0 1234.0 1051.0
scab 0.10804849 922.0 779.0 967.0 861.0
scab 0.107418224 996.0 253.0 1080.0 402.0
scab 0.10452539 870.0 294.0 966.0 440.0
scab 0.09925274 947.0 316.0 996.0 387.0
scab 0.09916196 928.0 939.0 977.0 1009.0
scab 0.097867146 1014.0 684.0 1159.0 798.0
scab 0.09696183 1294.0 452.0 1337.0 511.0
scab 0.09458594 710.0 463.0 799.0 598.0
scab 0.09354057 1001.0 456.0 1100.0 604.0
scab 0.09179214 1086.0 879.0 1169.0 1043.0
scab 0.09130224 575.0 708.0 667.0 872.0
scab 0.09116387 437.0 775.0 478.0 837.0
scab 0.090100884 823.0 889.0 870.0 962.0
scab 0.08494277 737.0 807.0 834.0 953.0
scab 0.08400410000000001 658.0 633.0 751.0 774.0
scab 0.08207012 489.0 667.0 581.0 819.0
scab 0.0805945 832.0 296.0 923.0 437.0
scab 0.0794436 924.0 551.0 974.0 626.0
scab 0.07943879 603.0 494.0 696.0 667.0
scab 0.07789784 650.0 918.0 741.0 1092.0
scab 0.07598997 1172.0 412.0 1252.0 560.0
scab 0.07365473 1080.0 672.0 1180.0 813.0
scab 0.07351805 985.0 706.0 1037.0 773.0
scab 0.0732541 869.0 703.0 959.0 857.0
scab 0.06630121 312.0 624.0 410.0 793.0
scab 0.063208885 1120.0 242.0 1170.0 324.0
scab 0.061894476 844.0 692.0 892.0 772.0
scab 0.057410355999999996 650.0 677.0 699.0 746.0
scab 0.056286387 617.0 630.0 712.0 777.0
scab 0.05516168 1132.0 222.0 1193.0 331.0
scab 0.05329106 1158.0 701.0 1249.0 771.0
scab 0.05254988 1117.0 704.0 1205.0 767.0
scab 0.052228395 523.0 670.0 617.0 822.0
scab 0.052155502 865.0 362.0 958.0 521.0
scab 0.05210974 518.0 910.0 569.0 984.0
scab 0.051739465 946.0 490.0 1045.0 653.0
scab 0.051052555 353.0 621.0 450.0 792.0
scab 0.050872564 757.0 357.0 806.0 433.0
scab 0.049789768 707.0 595.0 797.0 746.0
scab 0.04961566 933.0 176.0 998.0 305.0
scab 0.04911477 1116.0 894.0 1162.0 962.0
scab 0.047489837 618.0 927.0 710.0 1074.0
scab 0.045998927 486.0 399.0 579.0 587.0
scab 0.0459293 1185.0 442.0 1231.0 523.0
scab 0.04393993 406.0 662.0 489.0 822.0
scab 0.04156784 1252.0 788.0 1338.0 951.0
scab 0.040421113 1031.0 705.0 1121.0 773.0
scab 0.039401762 877.0 508.0 970.0 651.0
scab 0.03936265 1250.0 612.0 1296.0 681.0
scab 0.037744842 712.0 294.0 794.0 454.0
scab 0.03746933 701.0 1001.0 793.0 1174.0
scab 0.036514282 789.0 296.0 873.0 443.0
scab 0.036506813 1245.0 797.0 1296.0 885.0
scab 0.035005227 992.0 499.0 1039.0 587.0
scab 0.034747344 279.0 618.0 370.0 800.0
scab 0.034703847 788.0 549.0 873.0 680.0
scab 0.034448400000000004 990.0 295.0 1034.0 371.0
scab 0.033918876 1058.0 456.0 1105.0 549.0
scab 0.032449648 606.0 363.0 707.0 529.0
scab 0.032072976 1046.0 931.0 1138.0 1067.0
scab 0.031880423 786.0 979.0 881.0 1124.0
scab 0.030601847999999997 999.0 894.0 1084.0 1036.0
scab 0.03051198 1208.0 625.0 1297.0 793.0
scab 0.029851185 525.0 391.0 616.0 574.0
scab 0.029323036 880.0 895.0 968.0 1027.0
scab 0.028845753999999998 911.0 763.0 991.0 887.0
scab 0.028591802000000003 907.0 171.0 1083.0 396.0
scab 0.027818019 1100.0 955.0 1144.0 1025.0
scab 0.027418816000000002 963.0 187.0 1031.0 367.0
scab 0.027225487000000003 915.0 676.0 1010.0 822.0
scab 0.02620439 884.0 403.0 929.0 476.0
scab 0.02616279 1210.0 503.0 1290.0 639.0
scab 0.026063832999999998 1033.0 292.0 1078.0 369.0
scab 0.02584809 953.0 1055.0 996.0 1134.0
scab 0.025209732000000002 1084.0 960.0 1166.0 1116.0
scab 0.025068083999999997 671.0 817.0 717.0 908.0
scab 0.024963096 311.0 439.0 401.0 643.0
scab 0.024904678 574.0 916.0 661.0 1076.0
scab 0.024531916 753.0 481.0 799.0 566.0
scab 0.02438677 1377.0 977.0 1424.0 1047.0
scab 0.024218444 833.0 415.0 919.0 555.0
scab 0.023922367000000003 655.0 364.0 742.0 526.0
scab 0.023706262999999998 1308.0 890.0 1354.0 962.0
scab 0.023574682000000003 747.0 537.0 838.0 705.0
scab 0.02347812 737.0 999.0 827.0 1170.0
scab 0.023463208 715.0 358.0 756.0 431.0
scab 0.023234607999999997 584.0 665.0 724.0 925.0
scab 0.022928623 1259.0 965.0 1339.0 1117.0
scab 0.02267937 713.0 683.0 799.0 747.0
scab 0.022650754 1099.0 1004.0 1142.0 1064.0
scab 0.022586592000000003 1131.0 641.0 1219.0 793.0
scab 0.022406466 1009.0 489.0 1100.0 558.0
scab 0.021380273999999998 795.0 671.0 884.0 809.0
scab 0.021086695 1068.0 705.0 1166.0 769.0
scab 0.021026962000000003 573.0 613.0 666.0 792.0
scab 0.020165235 1379.0 919.0 1462.0 1092.0
scab 0.020123316000000002 844.0 1030.0 891.0 1124.0
scab 0.019895565 973.0 704.0 1022.0 798.0
scab 0.019878477 830.0 878.0 913.0 1021.0
scab 0.019779418 1013.0 933.0 1058.0 1009.0
scab 0.019455753 949.0 893.0 1047.0 1041.0
scab 0.01882201 1305.0 675.0 1385.0 815.0
scab 0.018558836000000002 1131.0 931.0 1228.0 1074.0
scab 0.018196257 551.0 444.0 692.0 721.0
scab 0.017921902 1202.0 681.0 1248.0 757.0
scab 0.017684836000000002 736.0 814.0 776.0 878.0
scab 0.017423276 800.0 823.0 841.0 901.0
scab 0.01741438 905.0 704.0 951.0 770.0
scab 0.017171375 1286.0 981.0 1334.0 1050.0
scab 0.01670712 443.0 664.0 538.0 828.0
scab 0.016628165 1256.0 593.0 1337.0 730.0
scab 0.016192493999999998 777.0 675.0 822.0 749.0
scab 0.015987722 628.0 755.0 675.0 843.0
scab 0.01592033 535.0 895.0 620.0 1091.0
scab 0.015706457 1265.0 420.0 1349.0 560.0
scab 0.015603058000000001 839.0 300.0 987.0 518.0
scab 0.015435947 1297.0 408.0 1376.0 564.0
scab 0.015357765 287.0 484.0 368.0 655.0
scab 0.015302293 911.0 952.0 990.0 1022.0
scab 0.01504687 575.0 531.0 730.0 799.0
scab 0.014805489 634.0 767.0 774.0 990.0
scab 0.014652293 1069.0 439.0 1116.0 525.0
scab 0.014633385 1228.0 782.0 1275.0 862.0
scab 0.014597559 752.0 643.0 908.0 768.0
scab 0.014567638999999999 1172.0 326.0 1253.0 489.0
scab 0.014499661499999998 1266.0 602.0 1308.0 666.0
scab 0.014499028 1248.0 696.0 1291.0 771.0
