rust 0.6538161 1128.0 429.0 1182.0 489.0
rust 0.58789915 992.0 664.0 1047.0 733.0
rust 0.4418379 1406.0 680.0 1461.0 738.0
rust 0.3962466 1056.0 640.0 1103.0 696.0
rust 0.26476938 1233.0 478.0 1277.0 564.0
scab 0.21023026 869.0 1210.0 953.0 1365.0
rust 0.12479419 0.0 100.0 22.0 137.0
scab 0.11793079 1233.0 478.0 1277.0 564.0
scab 0.09468175 1056.0 640.0 1103.0 696.0
rust 0.092777826 0.0 274.0 27.0 344.0
rust 0.08616553 702.0 1291.0 739.0 1365.0
scab 0.07782851 846.0 512.0 921.0 649.0
rust 0.0772062 1997.0 48.0 2029.0 86.0
rust 0.07241859 1418.0 691.0 1451.0 730.0
scab 0.06347176 162.0 1124.0 251.0 1324.0
scab 0.04852527400000001 902.0 569.0 954.0 657.0
rust 0.046913333 909.0 584.0 956.0 661.0
scab 0.043212555 1404.0 676.0 1451.0 745.0
scab 0.040263474 855.0 533.0 911.0 609.0
scab 0.036450624 880.0 530.0 948.0 685.0
scab 0.03473006 800.0 800.0 849.0 876.0
scab 0.030164978 992.0 664.0 1047.0 733.0
scab 0.02974204 1433.0 798.0 1510.0 957.0
rust 0.026009716000000002 1073.0 249.0 1120.0 327.0
rust 0.020924153 1238.0 498.0 1272.0 546.0
scab 0.020880978999999997 1520.0 748.0 1561.0 806.0
rust 0.020714667 869.0 1210.0 953.0 1365.0
rust 0.018871462 184.0 1112.0 259.0 1334.0
rust 0.01827917 784.0 1020.0 811.0 1058.0
scab 0.017746922 1201.0 1270.0 1247.0 1352.0
scab 0.017237898 1125.0 424.0 1176.0 493.0
scab 0.016171997 876.0 543.0 927.0 629.0
rust 0.015286308 928.0 606.0 954.0 645.0
rust 0.0152693875 188.0 419.0 223.0 457.0
scab 0.01505741 1295.0 712.0 1378.0 869.0
rust 0.014981834 182.0 407.0 229.0 471.0
scab 0.014872073999999999 813.0 538.0 953.0 619.0
scab 0.014496506999999999 972.0 573.0 1010.0 638.0
rust 0.014467714 1532.0 481.0 1561.0 522.0
rust 0.013951267 813.0 1098.0 840.0 1138.0
scab 0.013853013 921.0 592.0 960.0 658.0
scab 0.013346423999999999 1670.0 490.0 1715.0 561.0
rust 0.012203706000000002 752.0 214.0 800.0 281.0
scab 0.01149326 1412.0 688.0 1443.0 733.0
rust 0.011328538 1272.0 436.0 1298.0 472.0
scab 0.010667376999999999 1819.0 267.0 1880.0 464.0
scab 0.010347076 1518.0 755.0 1545.0 796.0
