scab 0.47170207 1125.0 800.0 1220.0 953.0
scab 0.3388981 543.0 423.0 631.0 572.0
scab 0.32324123 999.0 883.0 1098.0 1035.0
scab 0.19129770000000001 1262.0 495.0 1352.0 642.0
scab 0.17750588 955.0 534.0 1053.0 691.0
scab 0.16425575 1388.0 454.0 1469.0 613.0
scab 0.16335733 1507.0 670.0 1591.0 825.0
scab 0.15217292 790.0 505.0 868.0 659.0
scab 0.14023863 838.0 877.0 919.0 1026.0
scab 0.13948518 1386.0 832.0 1461.0 982.0
scab 0.12448349 398.0 1103.0 445.0 1177.0
scab 0.116955675 874.0 721.0 948.0 859.0
scab 0.08850132 1086.0 507.0 1177.0 653.0
scab 0.068127416 919.0 537.0 1012.0 690.0
scab 0.06174361 1393.0 508.0 1444.0 586.0
scab 0.06032154 1259.0 718.0 1344.0 871.0
scab 0.05532025 1124.0 507.0 1219.0 653.0
scab 0.05529502 560.0 453.0 615.0 546.0
scab 0.054977137999999995 271.0 654.0 362.0 827.0
scab 0.054566885999999995 1267.0 892.0 1350.0 1020.0
scab 0.05453322 863.0 902.0 914.0 992.0
scab 0.0513192 1037.0 912.0 1124.0 1070.0
scab 0.042871516 967.0 880.0 1055.0 1025.0
scab 0.03957887 1575.0 363.0 1619.0 435.0
scab 0.03901534 1140.0 550.0 1186.0 622.0
scab 0.033964805 1047.0 510.0 1136.0 654.0
scab 0.032490492 136.0 625.0 186.0 716.0
scab 0.03245215 1268.0 530.0 1353.0 597.0
scab 0.03188958 977.0 549.0 1108.0 671.0
scab 0.031886727000000004 793.0 568.0 877.0 745.0
scab 0.031518503999999996 1095.0 548.0 1142.0 621.0
scab 0.029039618 1199.0 549.0 1244.0 619.0
scab 0.028465495 1393.0 287.0 1462.0 438.0
scab 0.026383887999999998 262.0 1087.0 314.0 1162.0
scab 0.02562853 1291.0 466.0 1378.0 619.0
scab 0.025607314 1288.0 913.0 1339.0 982.0
scab 0.024673703999999998 238.0 663.0 328.0 824.0
scab 0.024571142999999997 951.0 568.0 997.0 645.0
scab 0.024249034 1447.0 690.0 1598.0 793.0
scab 0.022271852999999998 1140.0 839.0 1189.0 928.0
scab 0.021213287 1166.0 507.0 1253.0 648.0
scab 0.020518497 1289.0 504.0 1339.0 590.0
scab 0.020458868 113.0 585.0 195.0 750.0
rust 0.01954143 1580.0 366.0 1628.0 431.0
scab 0.019288357 1073.0 819.0 1213.0 919.0
scab 0.018779363 1094.0 769.0 1177.0 914.0
scab 0.018533787 879.0 543.0 963.0 692.0
scab 0.018196236 206.0 610.0 249.0 692.0
scab 0.017946621 1132.0 553.0 1231.0 620.0
scab 0.017182289 489.0 707.0 563.0 857.0
scab 0.016325427 1165.0 834.0 1247.0 981.0
scab 0.016242573 903.0 587.0 947.0 671.0
scab 0.01618526 1290.0 763.0 1337.0 841.0
scab 0.015611241000000001 915.0 850.0 1003.0 993.0
scab 0.015311277 880.0 746.0 933.0 823.0
scab 0.015282043 1211.0 328.0 1292.0 493.0
scab 0.014659235 867.0 848.0 958.0 1003.0
scab 0.014592571 1397.0 860.0 1446.0 952.0
scab 0.013947395 749.0 836.0 824.0 985.0
scab 0.013749153 1413.0 332.0 1458.0 419.0
scab 0.012764065 798.0 251.0 863.0 382.0
scab 0.012544966999999999 1088.0 553.0 1190.0 622.0
scab 0.011641742 1221.0 355.0 1265.0 432.0
scab 0.011227869 1118.0 801.0 1163.0 885.0
scab 0.011215467 822.0 583.0 912.0 738.0
scab 0.011207826 1296.0 755.0 1375.0 895.0
scab 0.0110225715 1141.0 816.0 1271.0 930.0
scab 0.010939986 1124.0 328.0 1212.0 481.0
scab 0.010718156000000001 1345.0 464.0 1442.0 612.0
scab 0.01066294 150.0 584.0 233.0 739.0
scab 0.010424898 1270.0 915.0 1316.0 981.0
scab 0.010197131 1029.0 906.0 1077.0 995.0
scab 0.010181357 1511.0 548.0 1550.0 625.0
scab 0.010158523000000001 1218.0 504.0 1311.0 647.0
