scab 0.5353651 702.0 333.0 783.0 487.0
scab 0.45274827 536.0 590.0 616.0 733.0
scab 0.44809246 925.0 152.0 995.0 294.0
scab 0.34256747 952.0 584.0 1044.0 747.0
scab 0.24983895 537.0 369.0 609.0 515.0
scab 0.20956159 921.0 545.0 1003.0 688.0
scab 0.16922536 661.0 255.0 725.0 379.0
scab 0.16008458 326.0 630.0 418.0 767.0
scab 0.13653307 1475.0 227.0 1526.0 302.0
rust 0.12353315 925.0 152.0 995.0 294.0
scab 0.11762384 1531.0 393.0 1575.0 476.0
scab 0.10994198 969.0 638.0 1051.0 710.0
scab 0.10293671 1515.0 366.0 1587.0 517.0
scab 0.09830001 927.0 562.0 978.0 651.0
scab 0.07495728 411.0 450.0 487.0 593.0
scab 0.069000304 544.0 626.0 595.0 708.0
scab 0.059182595 715.0 367.0 765.0 462.0
scab 0.04922888 362.0 647.0 414.0 732.0
scab 0.048536718 428.0 467.0 477.0 543.0
scab 0.048176937 927.0 188.0 1003.0 256.0
rust 0.047134876 1279.0 828.0 1306.0 865.0
scab 0.036206417000000005 548.0 388.0 595.0 486.0
rust 0.03458115 1317.0 596.0 1354.0 668.0
scab 0.033169482 983.0 526.0 1033.0 603.0
rust 0.029455297000000002 1018.0 907.0 1044.0 945.0
scab 0.026089577000000003 357.0 595.0 447.0 754.0
scab 0.025745159 685.0 273.0 733.0 353.0
scab 0.02450077 400.0 596.0 492.0 741.0
rust 0.024389276 657.0 879.0 684.0 920.0
scab 0.02236977 953.0 503.0 1034.0 656.0
scab 0.02158085 245.0 435.0 287.0 518.0
scab 0.021275574 415.0 641.0 499.0 704.0
rust 0.019771501 1528.0 286.0 1552.0 327.0
rust 0.01945458 566.0 269.0 593.0 309.0
scab 0.017970936 654.0 271.0 701.0 351.0
scab 0.017403608 1486.0 246.0 1517.0 289.0
scab 0.015486771000000002 898.0 518.0 1026.0 731.0
scab 0.013895801999999999 441.0 589.0 524.0 737.0
scab 0.013200907 521.0 399.0 630.0 483.0
scab 0.013154923 1018.0 907.0 1044.0 945.0
rust 0.013071832 702.0 333.0 783.0 487.0
scab 0.012845811 1279.0 828.0 1306.0 865.0
rust 0.011063305 536.0 590.0 616.0 733.0
scab 0.010968381000000001 654.0 871.0 688.0 933.0
scab 0.010907832 458.0 608.0 631.0 709.0
scab 0.010134635 1536.0 411.0 1568.0 462.0
rust 0.010101391999999999 845.0 758.0 872.0 797.0
