scab 0.32862645 1245.0 841.0 1344.0 1006.0
scab 0.30428836 181.0 955.0 282.0 1125.0
scab 0.24164163 992.0 968.0 1085.0 1115.0
scab 0.18956737 960.0 795.0 1047.0 944.0
scab 0.18459818 742.0 744.0 832.0 922.0
scab 0.16861086 1139.0 708.0 1218.0 846.0
scab 0.16606627 1080.0 809.0 1169.0 943.0
scab 0.15457447 1216.0 868.0 1317.0 1033.0
scab 0.13639635 827.0 882.0 920.0 1042.0
scab 0.1256985 1212.0 615.0 1291.0 799.0
scab 0.12026052 574.0 888.0 671.0 1027.0
scab 0.1197874 699.0 884.0 784.0 1042.0
scab 0.1082877 1591.0 491.0 1683.0 673.0
scab 0.10067734 1014.0 764.0 1057.0 835.0
scab 0.09220199 114.0 927.0 191.0 1076.0
scab 0.09146284 1507.0 673.0 1590.0 814.0
scab 0.09038684 1422.0 711.0 1510.0 856.0
scab 0.08924173 652.0 608.0 702.0 693.0
scab 0.0842854 358.0 792.0 441.0 941.0
scab 0.08201111 1426.0 452.0 1468.0 547.0
scab 0.07951284 1372.0 833.0 1415.0 903.0
scab 0.07847983 960.0 293.0 1041.0 436.0
scab 0.07465582 909.0 759.0 951.0 840.0
scab 0.074243106 237.0 886.0 325.0 1047.0
scab 0.07384716 524.0 1011.0 616.0 1164.0
scab 0.07218058 874.0 714.0 961.0 865.0
scab 0.06791594 1470.0 537.0 1559.0 695.0
scab 0.06279289 911.0 975.0 1004.0 1128.0
scab 0.06071525 1463.0 638.0 1504.0 713.0
scab 0.06012881 1163.0 674.0 1265.0 829.0
scab 0.059587218 1523.0 699.0 1574.0 778.0
scab 0.058600124 397.0 593.0 437.0 665.0
scab 0.05672722 1085.0 340.0 1172.0 480.0
scab 0.056025933 795.0 926.0 886.0 1071.0
scab 0.05277969 974.0 819.0 1020.0 904.0
scab 0.052537993 881.0 886.0 926.0 968.0
scab 0.052512284000000006 866.0 853.0 953.0 989.0
scab 0.052034564000000005 134.0 957.0 183.0 1032.0
scab 0.051601435999999994 629.0 582.0 707.0 725.0
scab 0.05002819 1138.0 634.0 1183.0 707.0
scab 0.049592093 865.0 443.0 903.0 520.0
scab 0.049245107999999996 1053.0 830.0 1095.0 904.0
rust 0.0491733 397.0 593.0 437.0 665.0
scab 0.048806347 1225.0 678.0 1271.0 756.0
scab 0.04706112 1432.0 735.0 1481.0 819.0
scab 0.04668258 1000.0 634.0 1089.0 778.0
scab 0.04661028 1559.0 500.0 1652.0 659.0
scab 0.044922512000000005 942.0 228.0 992.0 313.0
scab 0.044691327999999995 1103.0 837.0 1149.0 930.0
scab 0.04312492 909.0 1015.0 955.0 1097.0
scab 0.04272129400000001 918.0 761.0 1005.0 899.0
rust 0.042703923 475.0 131.0 525.0 197.0
scab 0.042067654 708.0 306.0 793.0 502.0
scab 0.041663937000000005 876.0 972.0 966.0 1127.0
scab 0.041196126 992.0 788.0 1090.0 956.0
scab 0.041000966 491.0 970.0 574.0 1127.0
scab 0.040076446 858.0 789.0 902.0 861.0
scab 0.03995275 1011.0 531.0 1051.0 601.0
scab 0.037625216 662.0 806.0 745.0 944.0
scab 0.037485417 1286.0 886.0 1336.0 968.0
scab 0.036078743999999996 650.0 891.0 694.0 970.0
scab 0.03587906 779.0 822.0 828.0 906.0
scab 0.03441557 996.0 882.0 1080.0 1030.0
scab 0.03382793 692.0 824.0 736.0 899.0
scab 0.0336711 1114.0 353.0 1162.0 434.0
rust 0.033514906000000004 1426.0 452.0 1468.0 547.0
scab 0.03263927 537.0 888.0 623.0 1026.0
scab 0.03129318 1010.0 994.0 1063.0 1075.0
scab 0.031132936 830.0 760.0 917.0 901.0
scab 0.03098982 1099.0 936.0 1142.0 1012.0
scab 0.030387755 966.0 330.0 1011.0 410.0
scab 0.029678496000000002 779.0 756.0 874.0 913.0
scab 0.029060702999999997 700.0 794.0 797.0 947.0
scab 0.028843688 612.0 837.0 701.0 1010.0
scab 0.02867229 269.0 914.0 360.0 1077.0
scab 0.028149342 990.0 913.0 1075.0 980.0
scab 0.027304923 443.0 664.0 535.0 820.0
scab 0.027211552000000003 505.0 996.0 550.0 1073.0
scab 0.02673766 751.0 286.0 833.0 457.0
scab 0.026592052 996.0 679.0 1038.0 753.0
scab 0.02627998 483.0 746.0 570.0 915.0
scab 0.0260152 1301.0 450.0 1378.0 612.0
rust 0.025983807 176.0 191.0 230.0 268.0
scab 0.025919482 499.0 851.0 541.0 922.0
scab 0.025818594 150.0 934.0 234.0 1086.0
scab 0.02542685 574.0 797.0 658.0 948.0
scab 0.024981497000000002 611.0 761.0 653.0 833.0
scab 0.024579085 785.0 283.0 867.0 450.0
scab 0.023974827999999997 993.0 480.0 1031.0 558.0
scab 0.023857313999999998 1060.0 213.0 1128.0 333.0
scab 0.023755845 869.0 276.0 915.0 346.0
scab 0.023654656 868.0 872.0 913.0 946.0
scab 0.023590151 780.0 743.0 824.0 818.0
scab 0.023537702999999997 548.0 610.0 590.0 695.0
scab 0.02350456 203.0 993.0 251.0 1078.0
scab 0.023172926 1164.0 891.0 1206.0 969.0
scab 0.022976581 451.0 791.0 537.0 954.0
scab 0.022530228 1174.0 723.0 1220.0 801.0
rust 0.022262768999999998 1158.0 719.0 1215.0 805.0
scab 0.022151584 564.0 1041.0 610.0 1118.0
scab 0.021955526 1342.0 807.0 1425.0 940.0
scab 0.021519156 1513.0 499.0 1600.0 668.0
scab 0.021392634 1267.0 238.0 1346.0 406.0
scab 0.021269351000000002 586.0 828.0 631.0 903.0
scab 0.021030756 1430.0 836.0 1514.0 999.0
scab 0.02068633 964.0 886.0 1050.0 1020.0
scab 0.020400545 1306.0 291.0 1352.0 375.0
scab 0.019733215 483.0 664.0 570.0 833.0
scab 0.019636042 1041.0 769.0 1129.0 912.0
scab 0.019166615 1400.0 420.0 1477.0 565.0
scab 0.018766593 152.0 894.0 318.0 1123.0
scab 0.018630078 1001.0 712.0 1082.0 869.0
scab 0.018597463 1466.0 617.0 1559.0 801.0
scab 0.018381665 1590.0 802.0 1632.0 878.0
scab 0.01834833 1032.0 986.0 1079.0 1052.0
scab 0.018329114 390.0 819.0 437.0 905.0
scab 0.018071085 1263.0 167.0 1330.0 306.0
scab 0.01798349 942.0 779.0 1067.0 891.0
scab 0.017793719 411.0 671.0 493.0 816.0
scab 0.017305102 566.0 1009.0 663.0 1167.0
scab 0.017152451000000003 959.0 917.0 1053.0 1101.0
scab 0.017044783 372.0 916.0 417.0 985.0
scab 0.016669495 1434.0 583.0 1517.0 739.0
scab 0.01652429 1179.0 879.0 1266.0 1033.0
scab 0.01640572 993.0 994.0 1041.0 1076.0
scab 0.016117503999999998 655.0 881.0 757.0 1035.0
scab 0.015736038 1010.0 898.0 1058.0 969.0
scab 0.015698155 613.0 1107.0 653.0 1174.0
scab 0.0155190695 950.0 780.0 992.0 864.0
scab 0.015423208999999998 1331.0 592.0 1374.0 672.0
scab 0.015279697 840.0 948.0 887.0 1035.0
scab 0.014884218000000001 1243.0 714.0 1288.0 802.0
scab 0.014692911000000001 332.0 822.0 374.0 903.0
scab 0.014384391000000002 1486.0 562.0 1533.0 654.0
scab 0.014166854 1421.0 875.0 1461.0 946.0
scab 0.014080597 1090.0 230.0 1137.0 310.0
scab 0.013867353999999998 1114.0 835.0 1160.0 904.0
scab 0.013671108999999999 1231.0 508.0 1272.0 584.0
scab 0.013473542 453.0 699.0 497.0 778.0
scab 0.013004026 1283.0 834.0 1382.0 999.0
rust 0.012973261000000002 483.0 143.0 520.0 181.0
scab 0.012848412 633.0 1019.0 677.0 1090.0
scab 0.012575948 1160.0 400.0 1206.0 478.0
scab 0.012550786000000001 316.0 753.0 413.0 919.0
scab 0.012508425 933.0 765.0 1070.0 994.0
scab 0.012420489 1132.0 593.0 1211.0 727.0
scab 0.0123262415 1052.0 335.0 1138.0 484.0
scab 0.0123174125 965.0 635.0 1052.0 778.0
scab 0.012169668 575.0 711.0 657.0 871.0
scab 0.012116085 1229.0 175.0 1297.0 301.0
