scab 0.38648862 1185.0 839.0 1269.0 985.0
scab 0.2934897 1484.0 539.0 1567.0 690.0
scab 0.16926262 1317.0 365.0 1397.0 522.0
scab 0.15735061 1511.0 881.0 1588.0 1031.0
scab 0.14784153 1144.0 667.0 1226.0 808.0
scab 0.14288193 1036.0 827.0 1088.0 900.0
scab 0.09941804 1334.0 397.0 1385.0 481.0
scab 0.0896134 1160.0 689.0 1217.0 779.0
rust 0.07144360000000001 1246.0 276.0 1302.0 356.0
scab 0.07050496 1001.0 593.0 1054.0 661.0
rust 0.066196136 1036.0 827.0 1088.0 900.0
scab 0.060688842 1292.0 484.0 1342.0 562.0
scab 0.059954445999999995 580.0 834.0 663.0 1006.0
scab 0.054154083 1203.0 863.0 1257.0 950.0
scab 0.042974275 1549.0 824.0 1594.0 894.0
scab 0.030283188 1119.0 695.0 1246.0 777.0
rust 0.029012293999999998 1185.0 839.0 1269.0 985.0
rust 0.028509269 1001.0 593.0 1054.0 661.0
scab 0.028270964 1518.0 569.0 1603.0 723.0
scab 0.027501513999999998 586.0 384.0 631.0 456.0
scab 0.026647542000000003 1606.0 861.0 1659.0 941.0
scab 0.023856994 997.0 571.0 1074.0 754.0
scab 0.022454087 1246.0 276.0 1302.0 356.0
scab 0.021240396 1294.0 402.0 1414.0 485.0
scab 0.020230711999999998 1267.0 465.0 1344.0 596.0
scab 0.017689195 1536.0 903.0 1591.0 991.0
scab 0.01707827 1558.0 608.0 1609.0 695.0
scab 0.014246389 1497.0 560.0 1549.0 652.0
rust 0.013455554 1484.0 539.0 1567.0 690.0
rust 0.012702855 1317.0 365.0 1397.0 522.0
rust 0.012318471000000001 1144.0 667.0 1226.0 808.0
rust 0.011954397 1511.0 881.0 1588.0 1031.0
