rust 0.49937627 1606.0 655.0 1659.0 740.0
scab 0.32606766 1402.0 505.0 1442.0 576.0
rust 0.25309718 1338.0 418.0 1399.0 485.0
rust 0.1687355 492.0 421.0 520.0 460.0
scab 0.13875401 413.0 702.0 462.0 766.0
scab 0.1020359 291.0 666.0 333.0 719.0
rust 0.049519386 1402.0 505.0 1442.0 576.0
scab 0.03477149 971.0 819.0 999.0 859.0
scab 0.033181182999999996 76.0 22.0 123.0 87.0
scab 0.028952574 423.0 714.0 454.0 758.0
scab 0.028511658 1612.0 625.0 1665.0 773.0
scab 0.027781548 355.0 848.0 392.0 922.0
scab 0.02712559 1336.0 412.0 1390.0 494.0
rust 0.019389488 1345.0 434.0 1380.0 478.0
scab 0.018129122 492.0 421.0 520.0 460.0
rust 0.017260155 1709.0 736.0 1738.0 778.0
rust 0.015926583 1451.0 928.0 1476.0 964.0
rust 0.015853787 1682.0 768.0 1722.0 840.0
rust 0.013760816 971.0 819.0 999.0 859.0
rust 0.013154774 355.0 848.0 392.0 922.0
scab 0.012700407 407.0 673.0 481.0 813.0
scab 0.012175594 1039.0 898.0 1081.0 966.0
scab 0.011329334 84.0 34.0 116.0 74.0
scab 0.010252371 351.0 663.0 393.0 725.0
