rust 0.6594414000000001 653.0 278.0 700.0 351.0
rust 0.5451471999999999 557.0 516.0 603.0 582.0
rust 0.43263050000000003 1073.0 273.0 1115.0 331.0
rust 0.3997785 437.0 405.0 476.0 469.0
rust 0.37855127 659.0 417.0 699.0 485.0
rust 0.34481376 922.0 544.0 964.0 596.0
rust 0.2587831 701.0 924.0 734.0 968.0
scab 0.16357675 437.0 405.0 476.0 469.0
rust 0.16201055 397.0 431.0 426.0 472.0
scab 0.12266584 940.0 610.0 989.0 656.0
rust 0.11491244 940.0 610.0 989.0 656.0
rust 0.0857086 1704.0 389.0 1761.0 577.0
scab 0.08205842 698.0 919.0 736.0 976.0
rust 0.07725661 1376.0 580.0 1406.0 620.0
scab 0.06417035 392.0 425.0 430.0 480.0
rust 0.057798754 1711.0 425.0 1765.0 524.0
scab 0.04490863 653.0 278.0 700.0 351.0
scab 0.035585884 560.0 518.0 602.0 595.0
scab 0.02646712 1372.0 572.0 1410.0 631.0
scab 0.025135937999999997 659.0 417.0 699.0 485.0
scab 0.023946756 1704.0 389.0 1761.0 577.0
rust 0.023119656000000002 1686.0 1037.0 1718.0 1081.0
scab 0.019982474 1342.0 696.0 1421.0 891.0
rust 0.01621079 1690.0 1026.0 1730.0 1091.0
scab 0.016034575 1073.0 273.0 1115.0 331.0
scab 0.014094398999999999 922.0 544.0 964.0 596.0
rust 0.010611215 385.0 429.0 443.0 478.0
