scab 0.3766697 1333.0 744.0 1439.0 931.0
scab 0.36385959999999995 1510.0 733.0 1615.0 910.0
scab 0.35552132 1042.0 658.0 1150.0 827.0
scab 0.3504696 1201.0 622.0 1301.0 792.0
scab 0.34558043 842.0 669.0 935.0 821.0
scab 0.15788546 1121.0 876.0 1170.0 949.0
scab 0.15628794 958.0 678.0 1050.0 828.0
scab 0.15350313 588.0 630.0 631.0 702.0
scab 0.14012434 1303.0 637.0 1394.0 785.0
scab 0.13230921 949.0 528.0 986.0 591.0
scab 0.12741628 961.0 507.0 1050.0 660.0
scab 0.12007382 1294.0 778.0 1401.0 949.0
rust 0.097374044 613.0 761.0 639.0 800.0
scab 0.0845035 1374.0 964.0 1425.0 1023.0
scab 0.08184714 613.0 761.0 639.0 800.0
scab 0.077055864 1265.0 796.0 1352.0 940.0
scab 0.074363574 355.0 549.0 448.0 700.0
scab 0.07245573 1371.0 639.0 1415.0 703.0
scab 0.0709901 323.0 543.0 412.0 690.0
scab 0.06958832599999999 1479.0 718.0 1568.0 870.0
scab 0.06733119 1368.0 784.0 1465.0 947.0
scab 0.065299615 240.0 540.0 322.0 691.0
scab 0.06327965 1387.0 940.0 1474.0 1069.0
scab 0.058109585 966.0 682.0 1134.0 808.0
scab 0.05072956 1413.0 971.0 1462.0 1045.0
rust 0.04798446 1121.0 876.0 1170.0 949.0
scab 0.047696598 504.0 831.0 546.0 895.0
scab 0.04731486 1331.0 651.0 1419.0 834.0
scab 0.043983903 1033.0 380.0 1079.0 454.0
rust 0.039734446 949.0 528.0 986.0 591.0
scab 0.03899948 461.0 696.0 505.0 771.0
scab 0.037959132 1218.0 636.0 1383.0 766.0
scab 0.03782453 1082.0 699.0 1161.0 851.0
scab 0.037527345 867.0 1017.0 912.0 1088.0
scab 0.037409965 1392.0 969.0 1447.0 1026.0
scab 0.035886977 347.0 580.0 395.0 644.0
scab 0.033961173 630.0 976.0 669.0 1041.0
scab 0.033435486 906.0 670.0 1009.0 825.0
scab 0.028856996 631.0 888.0 656.0 926.0
scab 0.026619116 580.0 594.0 656.0 734.0
scab 0.024877602000000002 1329.0 677.0 1377.0 759.0
scab 0.024697397000000003 1288.0 821.0 1337.0 907.0
scab 0.024158718 1391.0 588.0 1478.0 734.0
scab 0.023037605 1484.0 720.0 1529.0 800.0
scab 0.022181902000000003 349.0 596.0 437.0 662.0
scab 0.021155737 1224.0 671.0 1270.0 757.0
scab 0.020782236000000003 1455.0 758.0 1598.0 888.0
scab 0.020593215 1459.0 979.0 1502.0 1046.0
scab 0.020338813 1304.0 594.0 1447.0 910.0
scab 0.01976134 1246.0 654.0 1295.0 731.0
scab 0.0195614 1308.0 681.0 1393.0 900.0
scab 0.018072158 997.0 528.0 1034.0 604.0
scab 0.01768576 271.0 501.0 360.0 667.0
scab 0.017565131 1437.0 631.0 1486.0 712.0
scab 0.017450484 521.0 809.0 564.0 881.0
scab 0.017122975 1101.0 849.0 1176.0 979.0
scab 0.016921064 1059.0 652.0 1191.0 768.0
scab 0.016261585 698.0 1174.0 783.0 1352.0
scab 0.016189702 1378.0 651.0 1408.0 694.0
rust 0.015222524 401.0 888.0 430.0 927.0
scab 0.014826023 967.0 526.0 1113.0 631.0
scab 0.01305031 1546.0 761.0 1593.0 841.0
scab 0.01294932 450.0 680.0 526.0 808.0
scab 0.01280596 1317.0 691.0 1361.0 777.0
scab 0.012742905 989.0 730.0 1042.0 825.0
scab 0.012517988 635.0 674.0 677.0 753.0
scab 0.01230831 995.0 531.0 1079.0 685.0
scab 0.012300822 1592.0 843.0 1634.0 928.0
scab 0.0122872265 1525.0 776.0 1573.0 865.0
scab 0.011854363 616.0 623.0 696.0 781.0
scab 0.011661998 565.0 892.0 607.0 969.0
scab 0.011651483999999998 1346.0 942.0 1435.0 1063.0
rust 0.011602228999999999 505.0 970.0 533.0 1008.0
scab 0.011507109 1203.0 505.0 1246.0 578.0
rust 0.010884322 1510.0 733.0 1615.0 910.0
scab 0.010823556000000002 844.0 693.0 889.0 780.0
rust 0.010797596000000001 842.0 669.0 935.0 821.0
scab 0.010695765 1419.0 933.0 1508.0 1079.0
scab 0.010559736 1344.0 585.0 1429.0 753.0
scab 0.010367737 1372.0 807.0 1418.0 885.0
scab 0.010229441 1394.0 871.0 1438.0 946.0
scab 0.010208175 1433.0 725.0 1517.0 862.0
rust 0.010158955 631.0 888.0 656.0 926.0
scab 0.010022676999999999 554.0 887.0 578.0 927.0
