rust 0.60028267 1162.0 425.0 1212.0 505.0
rust 0.5964225000000001 1068.0 235.0 1135.0 405.0
rust 0.54992694 1116.0 574.0 1171.0 650.0
rust 0.5313465999999999 1205.0 645.0 1258.0 714.0
rust 0.36968952 1277.0 320.0 1335.0 386.0
rust 0.36545902 786.0 754.0 866.0 923.0
rust 0.29764274 1605.0 447.0 1667.0 624.0
rust 0.28809348 1399.0 595.0 1450.0 698.0
rust 0.28617144 707.0 507.0 772.0 572.0
rust 0.24311 859.0 807.0 918.0 891.0
rust 0.22950520000000002 1248.0 1215.0 1329.0 1279.0
rust 0.21103641 1072.0 889.0 1163.0 958.0
rust 0.20633946 645.0 357.0 740.0 420.0
rust 0.20497364 1013.0 1025.0 1098.0 1096.0
scab 0.19402637 1336.0 365.0 1409.0 547.0
rust 0.1874803 1489.0 654.0 1567.0 738.0
rust 0.18594237 849.0 601.0 930.0 671.0
rust 0.18573372 650.0 916.0 729.0 984.0
rust 0.1686351 1336.0 365.0 1409.0 547.0
scab 0.14177902 1295.0 238.0 1373.0 302.0
scab 0.12336482 1277.0 320.0 1335.0 386.0
rust 0.12155917 920.0 116.0 966.0 200.0
rust 0.116426215 1022.0 990.0 1077.0 1154.0
scab 0.09869151 1336.0 346.0 1381.0 402.0
rust 0.09702182599999999 1088.0 841.0 1154.0 1005.0
rust 0.0960508 756.0 776.0 900.0 895.0
scab 0.08904113599999999 920.0 116.0 966.0 200.0
rust 0.079171136 1061.0 287.0 1143.0 369.0
scab 0.07767782 1498.0 627.0 1557.0 766.0
scab 0.06875645 720.0 513.0 783.0 568.0
rust 0.06683941 1170.0 76.0 1199.0 111.0
rust 0.061384346 1591.0 500.0 1669.0 577.0
scab 0.04679099 1120.0 84.0 1163.0 152.0
scab 0.046642172999999995 656.0 914.0 721.0 986.0
rust 0.046255305 659.0 885.0 725.0 1025.0
scab 0.04524598 1400.0 706.0 1440.0 760.0
scab 0.042772934000000006 1116.0 574.0 1171.0 650.0
scab 0.039000873 1354.0 355.0 1384.0 396.0
scab 0.038302105 1068.0 235.0 1135.0 405.0
scab 0.03752657 786.0 754.0 866.0 923.0
scab 0.03645046 1404.0 571.0 1455.0 724.0
scab 0.034974057 1462.0 404.0 1503.0 464.0
rust 0.032680806 737.0 524.0 770.0 564.0
rust 0.031290106 723.0 521.0 755.0 563.0
scab 0.03060113 1103.0 547.0 1166.0 680.0
scab 0.028277487 1410.0 591.0 1465.0 675.0
scab 0.027980263999999998 1015.0 981.0 1080.0 1139.0
scab 0.026965497 1347.0 407.0 1406.0 482.0
scab 0.02588077 1605.0 447.0 1667.0 624.0
scab 0.025873855 968.0 87.0 1012.0 150.0
rust 0.025707224 1347.0 407.0 1406.0 482.0
rust 0.024153305 781.0 788.0 859.0 866.0
scab 0.02360495 1158.0 430.0 1210.0 513.0
scab 0.021962747 1205.0 645.0 1258.0 714.0
scab 0.021514649 1088.0 841.0 1154.0 1005.0
rust 0.021211322 1310.0 236.0 1361.0 304.0
scab 0.02066843 71.0 381.0 113.0 453.0
rust 0.02000148 977.0 152.0 1019.0 216.0
scab 0.019195523 645.0 357.0 740.0 420.0
rust 0.018379757 634.0 351.0 683.0 424.0
rust 0.017552437 1103.0 547.0 1166.0 680.0
rust 0.01733924 1120.0 84.0 1163.0 152.0
scab 0.016760971 1289.0 409.0 1427.0 499.0
rust 0.016438268 1046.0 214.0 1095.0 278.0
rust 0.01601273 1507.0 620.0 1576.0 779.0
rust 0.015835974 1315.0 400.0 1438.0 503.0
scab 0.015738202 0.0 680.0 30.0 747.0
scab 0.014712536000000002 78.0 396.0 106.0 437.0
scab 0.014355162 756.0 776.0 900.0 895.0
scab 0.014318425 1510.0 653.0 1568.0 732.0
scab 0.014088963000000001 859.0 807.0 918.0 891.0
rust 0.0132459 1288.0 332.0 1323.0 377.0
scab 0.013231535 1233.0 722.0 1270.0 789.0
scab 0.013166492 871.0 602.0 934.0 668.0
scab 0.013108633 1073.0 884.0 1135.0 970.0
rust 0.0125012705 974.0 97.0 1007.0 137.0
scab 0.011917711999999999 1319.0 250.0 1353.0 292.0
scab 0.011417452 997.0 1023.0 1083.0 1096.0
rust 0.0114063835 1344.0 353.0 1374.0 395.0
rust 0.011390313000000001 1056.0 227.0 1087.0 264.0
scab 0.011108461000000002 910.0 722.0 952.0 791.0
rust 0.010823951000000002 1163.0 68.0 1204.0 123.0
scab 0.010781714 636.0 893.0 721.0 1022.0
scab 0.010657657 1316.0 209.0 1373.0 328.0
rust 0.010267871 1211.0 665.0 1246.0 707.0
scab 0.010255119 1252.0 1211.0 1322.0 1283.0
rust 0.010159634 1258.0 1171.0 1326.0 1336.0
scab 0.010148094 1142.0 385.0 1209.0 534.0
scab 0.010009571 1170.0 76.0 1199.0 111.0
