scab 0.47577214 1043.0 765.0 1141.0 911.0
scab 0.3837231 878.0 412.0 969.0 548.0
scab 0.36622107 729.0 495.0 840.0 646.0
scab 0.30313554 866.0 554.0 957.0 684.0
scab 0.28800988 1037.0 552.0 1136.0 697.0
scab 0.20778911 667.0 677.0 751.0 811.0
scab 0.17437325 1230.0 684.0 1277.0 748.0
scab 0.17154424 542.0 688.0 588.0 748.0
scab 0.16111040000000001 746.0 421.0 827.0 565.0
scab 0.15450338 1172.0 678.0 1262.0 821.0
scab 0.14129223 611.0 503.0 700.0 655.0
scab 0.13618542 1181.0 723.0 1230.0 795.0
scab 0.13537929999999998 735.0 645.0 779.0 707.0
scab 0.12296648 690.0 664.0 793.0 831.0
scab 0.11904043 958.0 886.0 1049.0 1041.0
scab 0.11754068 912.0 842.0 996.0 982.0
scab 0.11427836 1305.0 743.0 1393.0 907.0
scab 0.11314599 877.0 567.0 929.0 651.0
scab 0.106766224 1224.0 418.0 1292.0 542.0
scab 0.1042068 748.0 744.0 797.0 818.0
scab 0.10193965 1227.0 945.0 1268.0 1005.0
scab 0.0963675 990.0 934.0 1038.0 1015.0
scab 0.09329043 609.0 548.0 659.0 624.0
scab 0.09149845 706.0 816.0 794.0 950.0
scab 0.09032230000000001 757.0 861.0 807.0 948.0
scab 0.08616341 717.0 831.0 758.0 905.0
scab 0.085591 794.0 532.0 842.0 604.0
scab 0.08057373 688.0 703.0 736.0 778.0
scab 0.080335945 1157.0 553.0 1252.0 617.0
scab 0.08015004 1034.0 886.0 1076.0 968.0
scab 0.07984373 627.0 562.0 671.0 652.0
scab 0.07912769 1315.0 621.0 1356.0 690.0
scab 0.079116255 946.0 873.0 990.0 940.0
scab 0.07836889999999999 1074.0 594.0 1125.0 668.0
scab 0.076755844 909.0 857.0 951.0 921.0
scab 0.071894124 1338.0 759.0 1382.0 842.0
scab 0.06782849 1247.0 890.0 1287.0 956.0
scab 0.066397786 1209.0 807.0 1253.0 880.0
scab 0.06528801 757.0 447.0 805.0 520.0
scab 0.06330981 1177.0 744.0 1264.0 912.0
scab 0.061533254 735.0 806.0 833.0 959.0
scab 0.06099977 743.0 718.0 824.0 847.0
scab 0.05915175 771.0 508.0 872.0 641.0
scab 0.059038028 1168.0 513.0 1251.0 653.0
scab 0.05812943 1144.0 404.0 1188.0 469.0
scab 0.050719905999999995 1331.0 708.0 1421.0 877.0
scab 0.046540555 675.0 710.0 723.0 796.0
scab 0.045721725 953.0 415.0 1040.0 550.0
scab 0.045027364 528.0 640.0 612.0 782.0
scab 0.04495869 1398.0 705.0 1437.0 774.0
scab 0.043862414 819.0 792.0 863.0 859.0
scab 0.04263669 710.0 548.0 799.0 620.0
scab 0.042584915 949.0 434.0 998.0 520.0
scab 0.04240108 1010.0 768.0 1102.0 906.0
scab 0.042273942 1055.0 803.0 1105.0 886.0
scab 0.04125079 915.0 584.0 1003.0 732.0
scab 0.040835157000000004 954.0 579.0 1044.0 736.0
scab 0.04062904 706.0 449.0 801.0 637.0
scab 0.038568173 732.0 535.0 782.0 605.0
scab 0.037643854 1209.0 798.0 1296.0 937.0
scab 0.035788096 773.0 852.0 819.0 928.0
scab 0.034378677999999996 885.0 439.0 935.0 526.0
scab 0.033928495 1245.0 443.0 1294.0 521.0
scab 0.03262196 992.0 807.0 1034.0 882.0
scab 0.03185179 623.0 789.0 669.0 856.0
scab 0.031106275 1081.0 368.0 1122.0 428.0
scab 0.029887736 1205.0 440.0 1252.0 517.0
scab 0.028390821 1094.0 780.0 1139.0 861.0
scab 0.02705107 864.0 555.0 915.0 627.0
scab 0.026983873999999998 907.0 383.0 1002.0 540.0
scab 0.025642167999999996 1045.0 364.0 1122.0 532.0
scab 0.02558172 1035.0 587.0 1080.0 668.0
scab 0.025510266 1201.0 541.0 1245.0 603.0
scab 0.024956781 499.0 700.0 588.0 767.0
scab 0.024502695 1138.0 680.0 1225.0 818.0
scab 0.023860377999999998 670.0 482.0 711.0 559.0
scab 0.02357625 826.0 512.0 920.0 660.0
scab 0.02337045 1244.0 813.0 1287.0 882.0
scab 0.022525556000000002 738.0 465.0 819.0 529.0
scab 0.02239843 1172.0 566.0 1201.0 610.0
scab 0.021485487 865.0 463.0 947.0 534.0
scab 0.021389524 621.0 511.0 795.0 628.0
scab 0.02113233 1056.0 445.0 1099.0 511.0
scab 0.020881133 1212.0 640.0 1293.0 784.0
scab 0.020689776 1186.0 395.0 1253.0 513.0
scab 0.02068496 1223.0 443.0 1273.0 516.0
scab 0.020333968 1212.0 887.0 1297.0 1035.0
scab 0.02009661 949.0 591.0 991.0 670.0
scab 0.020041384 1301.0 589.0 1379.0 724.0
scab 0.019374527 1000.0 569.0 1099.0 731.0
scab 0.01922328 739.0 639.0 830.0 777.0
scab 0.019165996 831.0 922.0 919.0 1085.0
scab 0.01907846 1000.0 827.0 1086.0 1009.0
scab 0.018460793 781.0 801.0 868.0 947.0
scab 0.018395647 997.0 1029.0 1036.0 1091.0
scab 0.018095372 698.0 546.0 742.0 628.0
scab 0.018070485 552.0 528.0 699.0 625.0
scab 0.017515 1055.0 560.0 1196.0 670.0
scab 0.017398366999999998 1349.0 747.0 1392.0 819.0
scab 0.016888283 722.0 658.0 792.0 720.0
scab 0.016565708000000002 1309.0 535.0 1349.0 599.0
scab 0.016483888000000002 1308.0 828.0 1349.0 896.0
scab 0.016170103 843.0 417.0 931.0 552.0
scab 0.015475503 1012.0 442.0 1055.0 512.0
scab 0.015415304 834.0 672.0 918.0 815.0
scab 0.015210745 611.0 768.0 695.0 893.0
scab 0.014945657 1129.0 536.0 1226.0 691.0
scab 0.01493935 806.0 809.0 877.0 869.0
scab 0.014918033 964.0 431.0 1013.0 498.0
scab 0.014474191 1299.0 637.0 1367.0 700.0
scab 0.01446058 752.0 548.0 845.0 619.0
scab 0.014322235 1035.0 826.0 1118.0 893.0
scab 0.014261386000000001 880.0 562.0 1034.0 678.0
scab 0.01409417 710.0 526.0 794.0 681.0
scab 0.01394569 1140.0 379.0 1204.0 507.0
scab 0.013432119 1260.0 422.0 1322.0 553.0
scab 0.013303601000000002 889.0 871.0 969.0 934.0
scab 0.01296738 1073.0 782.0 1165.0 943.0
scab 0.012844811000000001 539.0 549.0 582.0 618.0
scab 0.012842735 960.0 767.0 1042.0 904.0
scab 0.012505313 961.0 448.0 1058.0 508.0
scab 0.012072573 583.0 538.0 671.0 679.0
scab 0.011593397 719.0 358.0 850.0 639.0
scab 0.010925869 333.0 724.0 374.0 793.0
scab 0.010907443999999999 922.0 258.0 993.0 385.0
scab 0.01065672 787.0 646.0 873.0 767.0
scab 0.01063352 1081.0 721.0 1168.0 877.0
scab 0.010477509 1053.0 593.0 1104.0 668.0
scab 0.010378415 1079.0 574.0 1164.0 730.0
scab 0.01026766 1264.0 445.0 1309.0 521.0
scab 0.010267495 1190.0 737.0 1221.0 784.0
scab 0.010236122 869.0 671.0 952.0 820.0
scab 0.010046207 895.0 443.0 999.0 520.0
scab 0.01004614 932.0 919.0 969.0 986.0
