scab 0.42903420000000003 884.0 1047.0 974.0 1216.0
scab 0.34989437 876.0 751.0 972.0 908.0
scab 0.29925203 702.0 199.0 794.0 346.0
scab 0.28058767 794.0 449.0 881.0 605.0
scab 0.23281409 402.0 580.0 484.0 736.0
scab 0.22197664 578.0 710.0 666.0 881.0
scab 0.20126577 825.0 621.0 916.0 776.0
scab 0.19341801 1303.0 656.0 1393.0 832.0
scab 0.19217241 661.0 642.0 748.0 775.0
scab 0.18787123 656.0 1094.0 745.0 1262.0
scab 0.18566693 741.0 205.0 837.0 352.0
scab 0.17006318 698.0 828.0 794.0 990.0
scab 0.16946484 353.0 481.0 437.0 674.0
scab 0.16690303 904.0 785.0 1005.0 953.0
scab 0.16661851 911.0 1230.0 1010.0 1365.0
scab 0.16539846 789.0 210.0 864.0 360.0
scab 0.14616568 998.0 670.0 1089.0 827.0
scab 0.14492926 831.0 1207.0 924.0 1365.0
scab 0.14234424 782.0 664.0 875.0 825.0
scab 0.14211089999999998 1078.0 521.0 1175.0 708.0
scab 0.13348009 1174.0 720.0 1266.0 846.0
scab 0.13194329 959.0 491.0 1046.0 664.0
scab 0.12172557 1174.0 539.0 1266.0 701.0
scab 0.121521346 1271.0 736.0 1318.0 813.0
scab 0.11979166 1178.0 842.0 1265.0 971.0
scab 0.114755936 1097.0 845.0 1146.0 926.0
scab 0.11014743 817.0 931.0 866.0 1007.0
scab 0.110045664 1044.0 536.0 1139.0 691.0
scab 0.10021471 665.0 196.0 754.0 342.0
scab 0.09009796 1206.0 716.0 1303.0 849.0
scab 0.08822716 1333.0 669.0 1428.0 837.0
scab 0.08414121 265.0 621.0 354.0 779.0
scab 0.084043875 1123.0 506.0 1211.0 652.0
scab 0.078385256 866.0 1219.0 968.0 1365.0
scab 0.07720716 921.0 549.0 1009.0 687.0
scab 0.07662353 748.0 677.0 838.0 817.0
scab 0.074679255 905.0 715.0 998.0 872.0
scab 0.07370481 1145.0 783.0 1186.0 855.0
scab 0.072963655 1040.0 873.0 1129.0 1044.0
scab 0.07196337 965.0 590.0 1013.0 664.0
scab 0.07159102 945.0 1225.0 1047.0 1365.0
scab 0.06858386 998.0 504.0 1087.0 657.0
scab 0.06842504 821.0 511.0 869.0 582.0
scab 0.06698435 1163.0 870.0 1249.0 934.0
scab 0.066227436 1204.0 734.0 1253.0 818.0
scab 0.06573235 572.0 1074.0 657.0 1264.0
scab 0.062916555 626.0 200.0 705.0 333.0
scab 0.062036182999999995 733.0 797.0 828.0 953.0
scab 0.060955382999999995 792.0 458.0 842.0 537.0
scab 0.059210165999999995 1080.0 806.0 1168.0 951.0
scab 0.058430057 1003.0 1175.0 1092.0 1342.0
scab 0.058279015 910.0 574.0 949.0 643.0
scab 0.056786902 1145.0 1207.0 1190.0 1285.0
scab 0.056608304000000005 786.0 891.0 874.0 1028.0
scab 0.056338225 1031.0 566.0 1081.0 641.0
scab 0.056169845 860.0 629.0 910.0 712.0
scab 0.05607788 1040.0 718.0 1130.0 848.0
scab 0.05548347 660.0 466.0 749.0 616.0
scab 0.0554481 1012.0 733.0 1061.0 815.0
scab 0.055394757999999995 669.0 680.0 757.0 746.0
scab 0.054760955 754.0 825.0 800.0 898.0
scab 0.052454002 434.0 765.0 482.0 834.0
scab 0.051080633 653.0 677.0 697.0 749.0
scab 0.048548494000000005 1314.0 649.0 1361.0 736.0
scab 0.047834463 1095.0 550.0 1144.0 624.0
scab 0.047825202000000004 1226.0 572.0 1272.0 645.0
scab 0.0463904 1162.0 1283.0 1209.0 1349.0
scab 0.045464106 1134.0 725.0 1221.0 848.0
scab 0.04448711 691.0 635.0 784.0 782.0
scab 0.04445005 1084.0 625.0 1165.0 766.0
scab 0.044178206 602.0 773.0 657.0 859.0
scab 0.043305675999999994 1006.0 1173.0 1053.0 1242.0
scab 0.04326178 1184.0 605.0 1229.0 695.0
scab 0.042424935999999996 1641.0 615.0 1718.0 781.0
scab 0.042388935 589.0 698.0 632.0 768.0
scab 0.041963995 1056.0 932.0 1105.0 1009.0
scab 0.041906025 1035.0 643.0 1079.0 710.0
scab 0.041616127 1039.0 1189.0 1128.0 1333.0
scab 0.04149851 949.0 803.0 1043.0 952.0
scab 0.03961562 708.0 504.0 752.0 579.0
scab 0.039180603 1095.0 1227.0 1139.0 1308.0
scab 0.038731307 1249.0 657.0 1289.0 729.0
scab 0.03821983 905.0 780.0 950.0 867.0
scab 0.0378851 864.0 593.0 957.0 732.0
scab 0.037860500000000005 1383.0 706.0 1468.0 860.0
scab 0.0376463 667.0 806.0 753.0 951.0
scab 0.037059985 1084.0 719.0 1175.0 853.0
scab 0.037039723 792.0 1184.0 882.0 1333.0
scab 0.036545437 1001.0 838.0 1089.0 989.0
scab 0.036169857 870.0 667.0 959.0 830.0
scab 0.03524079 947.0 510.0 1034.0 577.0
scab 0.034051012 1098.0 653.0 1142.0 738.0
scab 0.03358881 1076.0 738.0 1123.0 814.0
scab 0.032696262000000004 883.0 703.0 926.0 772.0
scab 0.032455332999999996 960.0 680.0 1053.0 820.0
scab 0.032368753 843.0 637.0 891.0 709.0
scab 0.031074464 778.0 699.0 826.0 773.0
scab 0.030994438 623.0 634.0 714.0 779.0
scab 0.030361885 240.0 580.0 325.0 765.0
scab 0.030256296000000002 1101.0 528.0 1245.0 696.0
scab 0.029861081 946.0 726.0 992.0 793.0
scab 0.029732682000000003 928.0 722.0 975.0 794.0
scab 0.029095221 1017.0 522.0 1166.0 640.0
scab 0.029042134 669.0 1137.0 719.0 1223.0
scab 0.029034862 1199.0 856.0 1250.0 926.0
scab 0.028415543999999997 844.0 1209.0 891.0 1284.0
scab 0.02840399 797.0 705.0 845.0 773.0
scab 0.02831234 1014.0 575.0 1060.0 639.0
scab 0.027961934 862.0 1290.0 906.0 1365.0
scab 0.02792431 670.0 237.0 756.0 301.0
scab 0.027600052000000003 958.0 579.0 1042.0 724.0
scab 0.027383884 990.0 230.0 1033.0 299.0
scab 0.027207892 753.0 896.0 797.0 968.0
scab 0.026739332999999997 658.0 1151.0 743.0 1353.0
scab 0.026723076000000002 1253.0 715.0 1343.0 848.0
scab 0.026652337999999998 630.0 613.0 669.0 686.0
scab 0.026643941 603.0 750.0 697.0 899.0
scab 0.026434899999999997 677.0 529.0 718.0 603.0
scab 0.026215922000000003 841.0 665.0 995.0 928.0
scab 0.026121962999999998 1220.0 723.0 1264.0 798.0
scab 0.026052112000000002 744.0 1102.0 830.0 1252.0
scab 0.025624599999999997 1350.0 736.0 1400.0 814.0
scab 0.025591321 758.0 738.0 799.0 819.0
scab 0.025038217999999998 783.0 752.0 870.0 901.0
scab 0.024540056 608.0 220.0 656.0 304.0
scab 0.024054851000000002 613.0 1090.0 714.0 1257.0
scab 0.023924852000000003 780.0 247.0 825.0 326.0
scab 0.023878166 580.0 1002.0 660.0 1184.0
scab 0.022962873999999998 1041.0 627.0 1137.0 776.0
scab 0.022927275 1096.0 740.0 1144.0 813.0
scab 0.022803588 921.0 465.0 1004.0 606.0
scab 0.022764394 946.0 1252.0 996.0 1332.0
scab 0.022702094 998.0 572.0 1087.0 740.0
scab 0.022543572 551.0 997.0 682.0 1272.0
scab 0.022038914 909.0 855.0 949.0 923.0
scab 0.021932224 819.0 269.0 867.0 344.0
scab 0.021763531000000003 796.0 598.0 943.0 821.0
scab 0.021651806000000003 1031.0 729.0 1079.0 793.0
scab 0.021311207000000002 1203.0 803.0 1295.0 961.0
scab 0.021280589 794.0 601.0 883.0 738.0
scab 0.021170757999999998 421.0 627.0 466.0 715.0
scab 0.021043287999999997 1142.0 525.0 1188.0 604.0
scab 0.020816559 1197.0 873.0 1291.0 935.0
scab 0.020778742 664.0 155.0 830.0 330.0
scab 0.020630186000000002 1077.0 554.0 1124.0 622.0
scab 0.02033588 1118.0 742.0 1160.0 813.0
scab 0.020307165 822.0 829.0 860.0 903.0
scab 0.020238675 1024.0 850.0 1156.0 974.0
scab 0.0195765 819.0 715.0 866.0 794.0
scab 0.019461017 871.0 462.0 955.0 601.0
