scab 0.33518913 1713.0 706.0 1813.0 876.0
scab 0.30074429999999996 1428.0 764.0 1512.0 910.0
scab 0.28162444 1285.0 775.0 1383.0 977.0
scab 0.26836535 657.0 785.0 735.0 944.0
scab 0.20329249 1551.0 710.0 1650.0 854.0
scab 0.11117895 1130.0 637.0 1229.0 779.0
scab 0.09412742 804.0 790.0 846.0 855.0
scab 0.08869988 1764.0 284.0 1852.0 440.0
scab 0.07815445 1563.0 743.0 1613.0 817.0
scab 0.07261141 1687.0 682.0 1773.0 832.0
scab 0.07080364 1436.0 802.0 1487.0 882.0
scab 0.065799475 1557.0 627.0 1649.0 785.0
scab 0.06425653 1594.0 628.0 1680.0 787.0
scab 0.06346262 1180.0 656.0 1232.0 729.0
scab 0.054588847 1349.0 783.0 1395.0 860.0
scab 0.04055078 656.0 844.0 700.0 928.0
rust 0.03977767 1449.0 507.0 1475.0 545.0
scab 0.035631683 671.0 642.0 711.0 700.0
scab 0.030047387000000002 910.0 265.0 954.0 351.0
scab 0.029532457 1717.0 713.0 1765.0 803.0
scab 0.026928982 1334.0 757.0 1421.0 903.0
scab 0.026833264 1523.0 643.0 1671.0 860.0
rust 0.02635268 1990.0 470.0 2047.0 676.0
scab 0.023502896000000002 685.0 801.0 734.0 884.0
scab 0.023494536 1309.0 858.0 1359.0 953.0
scab 0.022242406 1519.0 634.0 1601.0 773.0
scab 0.02219516 1095.0 636.0 1178.0 779.0
scab 0.022020828 1147.0 650.0 1272.0 748.0
scab 0.021361977 1589.0 644.0 1636.0 707.0
scab 0.021146424 1826.0 192.0 1896.0 351.0
scab 0.020716848 1945.0 31.0 1992.0 119.0
scab 0.020094706 1247.0 823.0 1379.0 930.0
scab 0.01762163 1905.0 231.0 1966.0 410.0
scab 0.017325167 1570.0 673.0 1706.0 811.0
scab 0.017213257 1990.0 470.0 2047.0 676.0
scab 0.017025845 1641.0 675.0 1729.0 820.0
scab 0.016861577 671.0 816.0 720.0 912.0
scab 0.016149728000000002 1356.0 776.0 1519.0 883.0
scab 0.013512175 1808.0 276.0 1885.0 459.0
scab 0.012993206 1498.0 734.0 1635.0 830.0
scab 0.012941516 1760.0 776.0 1810.0 867.0
rust 0.012396448000000001 1978.0 180.0 2008.0 214.0
scab 0.012181598 1859.0 199.0 1931.0 355.0
rust 0.012175489 1258.0 160.0 1285.0 196.0
scab 0.011887413999999999 1711.0 312.0 1851.0 402.0
scab 0.011737445 1265.0 761.0 1352.0 917.0
scab 0.011094773 1745.0 325.0 1786.0 414.0
scab 0.011090981000000001 1303.0 718.0 1387.0 879.0
scab 0.011036396 1913.0 0.0 1985.0 145.0
scab 0.0101527665 1699.0 740.0 1780.0 818.0
rust 0.01001422 1232.0 482.0 1258.0 519.0
