rust 0.69377273 1345.0 313.0 1396.0 391.0
rust 0.6716089 1398.0 489.0 1447.0 563.0
rust 0.5701203 1461.0 212.0 1517.0 281.0
rust 0.47165078 1610.0 516.0 1666.0 601.0
rust 0.44518733 587.0 577.0 641.0 671.0
rust 0.43998858 1795.0 504.0 1839.0 573.0
rust 0.37475547 801.0 562.0 854.0 658.0
rust 0.30272109999999997 490.0 357.0 545.0 439.0
rust 0.26064380000000004 1729.0 664.0 1792.0 717.0
rust 0.20800483 496.0 211.0 549.0 284.0
rust 0.13432449 679.0 740.0 719.0 803.0
scab 0.069569625 807.0 535.0 859.0 688.0
rust 0.06652945 1743.0 672.0 1777.0 712.0
scab 0.060538985 437.0 943.0 477.0 1003.0
scab 0.054627474 591.0 548.0 641.0 684.0
rust 0.05278934 430.0 265.0 484.0 342.0
rust 0.051814698 1801.0 519.0 1833.0 560.0
rust 0.047301866 1535.0 759.0 1561.0 795.0
scab 0.04305185 679.0 740.0 719.0 803.0
scab 0.035202585 1398.0 489.0 1447.0 563.0
scab 0.03422795 1729.0 664.0 1792.0 717.0
scab 0.025383597 996.0 486.0 1030.0 550.0
scab 0.021399172 1345.0 313.0 1396.0 391.0
scab 0.021027027 1795.0 504.0 1839.0 573.0
scab 0.019140607 1461.0 212.0 1517.0 281.0
rust 0.01800749 1732.0 669.0 1762.0 714.0
rust 0.017526866999999998 503.0 225.0 543.0 267.0
rust 0.016267087 1759.0 672.0 1792.0 711.0
rust 0.013383784 1620.0 539.0 1656.0 584.0
rust 0.0125279585 1353.0 286.0 1406.0 427.0
rust 0.012076001000000001 378.0 763.0 405.0 802.0
scab 0.011705748 1353.0 286.0 1406.0 427.0
scab 0.01136313 1616.0 493.0 1666.0 640.0
rust 0.01078656 499.0 375.0 537.0 418.0
rust 0.01042285 775.0 575.0 893.0 651.0
scab 0.010231577 1535.0 759.0 1561.0 795.0
rust 0.010116808 693.0 753.0 720.0 793.0
