rust 0.77010596 1485.0 770.0 1533.0 838.0
rust 0.76110125 1288.0 452.0 1338.0 519.0
rust 0.754706 791.0 537.0 847.0 598.0
rust 0.65926075 601.0 999.0 659.0 1065.0
rust 0.5604134 206.0 787.0 247.0 851.0
rust 0.52162 696.0 865.0 747.0 935.0
rust 0.42241028 422.0 660.0 477.0 732.0
rust 0.41753623 1238.0 364.0 1284.0 416.0
rust 0.33651307 1101.0 989.0 1127.0 1030.0
rust 0.18844542 2025.0 1032.0 2048.0 1071.0
rust 0.094717145 1064.0 286.0 1090.0 324.0
rust 0.0633991 1028.0 329.0 1053.0 366.0
rust 0.06022871 704.0 878.0 739.0 924.0
rust 0.049839117 612.0 1011.0 649.0 1057.0
rust 0.04846226 2017.0 1026.0 2048.0 1080.0
scab 0.044606436 206.0 787.0 247.0 851.0
scab 0.03860738 1064.0 286.0 1090.0 324.0
rust 0.03040279 1019.0 268.0 1049.0 306.0
scab 0.029161157000000004 474.0 119.0 527.0 198.0
scab 0.027773662 1236.0 359.0 1278.0 421.0
scab 0.026125664 601.0 999.0 659.0 1065.0
scab 0.02412923 1101.0 989.0 1127.0 1030.0
scab 0.023420965 696.0 865.0 747.0 935.0
rust 0.021868872999999997 592.0 508.0 619.0 548.0
rust 0.020673351 1012.0 255.0 1053.0 320.0
scab 0.018859036000000003 423.0 658.0 470.0 737.0
rust 0.018656088 337.0 592.0 362.0 630.0
scab 0.018329792 791.0 537.0 847.0 598.0
scab 0.017838677 337.0 592.0 362.0 630.0
scab 0.016532479 586.0 500.0 625.0 555.0
scab 0.014258181000000002 1056.0 280.0 1097.0 334.0
rust 0.012853306 307.0 508.0 347.0 574.0
scab 0.011309496 307.0 508.0 347.0 574.0
scab 0.011283949 1028.0 329.0 1053.0 366.0
