scab 0.22431754 1042.0 807.0 1143.0 946.0
scab 0.19397593 1337.0 805.0 1383.0 879.0
scab 0.18420026 829.0 719.0 918.0 852.0
scab 0.14937468 910.0 801.0 1007.0 951.0
scab 0.13856338 1075.0 692.0 1123.0 771.0
scab 0.13077886 1057.0 419.0 1142.0 557.0
scab 0.11951685 1445.0 601.0 1487.0 662.0
scab 0.11854189 578.0 703.0 661.0 872.0
scab 0.10383645 872.0 798.0 969.0 951.0
rust 0.09550241400000001 989.0 1208.0 1041.0 1292.0
scab 0.09460596 1001.0 808.0 1095.0 950.0
scab 0.09342842 743.0 492.0 823.0 663.0
scab 0.093200184 952.0 799.0 1050.0 954.0
scab 0.09197622 1047.0 675.0 1129.0 806.0
scab 0.089278944 1612.0 557.0 1653.0 623.0
scab 0.08750223 1339.0 635.0 1420.0 778.0
scab 0.08572112 1078.0 833.0 1127.0 905.0
scab 0.08088472 869.0 919.0 909.0 986.0
scab 0.080364116 855.0 738.0 905.0 815.0
scab 0.08013507 834.0 534.0 921.0 700.0
scab 0.06356863 992.0 851.0 1076.0 921.0
scab 0.05851788 695.0 704.0 783.0 875.0
scab 0.049810447 828.0 831.0 919.0 994.0
scab 0.046860597999999996 1309.0 791.0 1393.0 943.0
scab 0.045555535999999994 1251.0 324.0 1296.0 388.0
scab 0.04416458 844.0 847.0 891.0 927.0
scab 0.044143073 904.0 792.0 947.0 859.0
scab 0.041940995 953.0 374.0 1040.0 526.0
scab 0.04156953 1203.0 573.0 1249.0 649.0
scab 0.041005 1086.0 296.0 1166.0 437.0
scab 0.036573056 1092.0 449.0 1139.0 518.0
scab 0.0360696 1135.0 716.0 1214.0 852.0
scab 0.033498038 919.0 414.0 1004.0 553.0
scab 0.03278367 957.0 581.0 1035.0 742.0
scab 0.032511827 1176.0 538.0 1256.0 688.0
scab 0.03138203 587.0 252.0 651.0 368.0
scab 0.029763294 861.0 707.0 952.0 870.0
scab 0.029043523999999998 599.0 757.0 648.0 837.0
scab 0.028267944 1224.0 737.0 1265.0 820.0
scab 0.02777442 1253.0 664.0 1336.0 817.0
scab 0.027431542000000003 929.0 843.0 973.0 928.0
scab 0.02716521 583.0 396.0 675.0 467.0
scab 0.024768047 608.0 390.0 659.0 454.0
scab 0.024653723 1076.0 922.0 1116.0 983.0
scab 0.02256298 1079.0 675.0 1172.0 817.0
scab 0.022422206 991.0 768.0 1034.0 835.0
scab 0.01959959 1563.0 600.0 1603.0 658.0
scab 0.01916573 1178.0 423.0 1259.0 563.0
scab 0.018839256999999998 112.0 1170.0 194.0 1351.0
rust 0.018794052 869.0 919.0 909.0 986.0
scab 0.017928096 1080.0 430.0 1163.0 620.0
scab 0.016951426999999998 1258.0 312.0 1337.0 487.0
scab 0.01648787 789.0 803.0 878.0 952.0
scab 0.016040506 591.0 252.0 635.0 328.0
scab 0.015798574 1274.0 719.0 1317.0 789.0
scab 0.01576209 1162.0 738.0 1208.0 821.0
scab 0.015522803 811.0 817.0 945.0 932.0
scab 0.014761585 534.0 525.0 615.0 714.0
scab 0.014491006 806.0 612.0 848.0 694.0
scab 0.014318801 1011.0 380.0 1053.0 455.0
scab 0.014222008999999999 1218.0 298.0 1304.0 433.0
scab 0.014126861499999999 944.0 931.0 988.0 1006.0
scab 0.013844374 1217.0 671.0 1308.0 824.0
scab 0.0138094025 1270.0 650.0 1426.0 757.0
scab 0.013575392 1316.0 811.0 1451.0 920.0
scab 0.013371376 1054.0 616.0 1097.0 681.0
scab 0.013006126000000002 876.0 291.0 959.0 440.0
scab 0.012744765 793.0 714.0 951.0 956.0
scab 0.012721628 800.0 787.0 840.0 860.0
scab 0.012485236 838.0 773.0 995.0 986.0
scab 0.012144074 874.0 575.0 953.0 733.0
scab 0.012114503 1384.0 502.0 1467.0 643.0
scab 0.012077798 653.0 636.0 695.0 716.0
scab 0.01172036 1344.0 503.0 1432.0 640.0
scab 0.011577691000000001 1083.0 756.0 1168.0 925.0
scab 0.011546206000000002 1010.0 678.0 1093.0 809.0
scab 0.011413039 1304.0 502.0 1387.0 642.0
scab 0.011300565 153.0 1183.0 201.0 1271.0
scab 0.011241823 772.0 740.0 912.0 829.0
scab 0.011005226000000002 845.0 552.0 981.0 676.0
scab 0.010928321999999999 1176.0 293.0 1257.0 437.0
scab 0.010741638999999999 954.0 272.0 1038.0 448.0
scab 0.01073572 637.0 732.0 781.0 840.0
scab 0.010735261999999999 915.0 288.0 1004.0 435.0
scab 0.010565083000000001 1008.0 935.0 1049.0 1000.0
scab 0.010530073000000001 825.0 742.0 869.0 814.0
scab 0.010499713999999999 1168.0 715.0 1255.0 854.0
scab 0.010368772 1083.0 711.0 1115.0 758.0
scab 0.010142607 1083.0 823.0 1160.0 984.0
rust 0.010039159 787.0 247.0 816.0 285.0
