scab 0.35484448 1339.0 664.0 1437.0 829.0
scab 0.27888029999999997 1386.0 493.0 1479.0 649.0
scab 0.26082647 783.0 975.0 881.0 1116.0
scab 0.24919905 1216.0 764.0 1313.0 907.0
scab 0.2289745 1047.0 720.0 1131.0 852.0
scab 0.22789189999999998 1164.0 922.0 1273.0 1075.0
scab 0.21056391 1339.0 456.0 1434.0 606.0
scab 0.20860107 951.0 257.0 1039.0 468.0
scab 0.20803876 1036.0 427.0 1121.0 565.0
scab 0.20569813 1127.0 593.0 1221.0 742.0
scab 0.20008327 698.0 680.0 785.0 829.0
scab 0.18678685 1251.0 634.0 1347.0 778.0
scab 0.18310921 919.0 592.0 1009.0 730.0
scab 0.17866965 702.0 882.0 802.0 1025.0
scab 0.17857352 835.0 549.0 919.0 684.0
scab 0.1693848 1474.0 713.0 1571.0 880.0
scab 0.16487134 1002.0 885.0 1094.0 1036.0
scab 0.15064418 1218.0 634.0 1310.0 774.0
scab 0.14363028 1131.0 935.0 1226.0 1076.0
scab 0.14280757 1053.0 460.0 1104.0 541.0
scab 0.12038705 802.0 260.0 880.0 395.0
scab 0.11339802 1293.0 632.0 1390.0 781.0
scab 0.10635894 989.0 537.0 1037.0 599.0
scab 0.10194553 1086.0 749.0 1182.0 918.0
scab 0.10125356 574.0 873.0 663.0 1034.0
scab 0.099939734 1121.0 763.0 1210.0 912.0
scab 0.097867936 533.0 728.0 627.0 862.0
scab 0.09252049 951.0 617.0 998.0 693.0
scab 0.0923267 869.0 977.0 965.0 1114.0
scab 0.09060091 1045.0 586.0 1132.0 717.0
scab 0.08979038 837.0 848.0 920.0 985.0
scab 0.08868842 832.0 259.0 908.0 395.0
scab 0.08572659 944.0 1049.0 987.0 1112.0
scab 0.08247811 817.0 966.0 923.0 1114.0
scab 0.08246468 926.0 318.0 1015.0 484.0
scab 0.08139826 1035.0 911.0 1129.0 1086.0
scab 0.08016144 738.0 853.0 821.0 1001.0
scab 0.07782294599999999 1218.0 333.0 1291.0 485.0
scab 0.07409145 661.0 873.0 755.0 1036.0
scab 0.07303602 1160.0 805.0 1207.0 885.0
scab 0.07109046 1312.0 846.0 1356.0 921.0
scab 0.07061852 736.0 711.0 835.0 869.0
scab 0.07016473 1301.0 451.0 1396.0 599.0
scab 0.068999246 1254.0 416.0 1345.0 576.0
scab 0.06798147 1246.0 798.0 1297.0 884.0
scab 0.06731306 1426.0 527.0 1504.0 693.0
scab 0.066489585 1083.0 591.0 1180.0 726.0
scab 0.06500119 1340.0 743.0 1432.0 897.0
scab 0.060965654 1331.0 617.0 1375.0 687.0
scab 0.057694927 1371.0 699.0 1469.0 864.0
scab 0.056958362 486.0 750.0 577.0 898.0
scab 0.056654524000000005 1190.0 933.0 1318.0 1050.0
scab 0.056377087 1220.0 454.0 1309.0 599.0
scab 0.05610185 1351.0 679.0 1400.0 758.0
scab 0.05516431 1163.0 598.0 1255.0 739.0
scab 0.05484567 822.0 291.0 872.0 371.0
scab 0.05234121 1126.0 464.0 1207.0 605.0
scab 0.048367254000000005 567.0 760.0 615.0 840.0
scab 0.047502752 906.0 973.0 1001.0 1128.0
scab 0.046367082999999996 1416.0 665.0 1464.0 731.0
scab 0.04517455 1120.0 530.0 1162.0 600.0
scab 0.044363375999999996 735.0 907.0 784.0 987.0
scab 0.04362919 822.0 994.0 870.0 1072.0
scab 0.042583413 520.0 762.0 565.0 842.0
scab 0.041826714 872.0 791.0 962.0 961.0
scab 0.041574545 999.0 555.0 1089.0 694.0
scab 0.041461617 912.0 900.0 949.0 959.0
scab 0.041299693 430.0 802.0 477.0 875.0
scab 0.04120735 1186.0 337.0 1260.0 478.0
scab 0.04038196 1053.0 598.0 1102.0 664.0
scab 0.039866917 863.0 571.0 911.0 651.0
scab 0.039321944 956.0 540.0 1045.0 709.0
scab 0.038890287 406.0 756.0 489.0 903.0
scab 0.038609322 670.0 893.0 719.0 963.0
scab 0.038078256 453.0 411.0 526.0 564.0
scab 0.037562202999999995 1248.0 795.0 1339.0 929.0
scab 0.03729244 692.0 721.0 776.0 790.0
scab 0.03650264 903.0 1002.0 948.0 1075.0
scab 0.03586734 781.0 714.0 870.0 867.0
scab 0.03452944 667.0 705.0 759.0 860.0
scab 0.033205215 1353.0 479.0 1400.0 563.0
scab 0.032540075 1245.0 941.0 1292.0 1007.0
scab 0.032140687 571.0 744.0 653.0 901.0
scab 0.03140369 610.0 843.0 707.0 999.0
scab 0.03122452 1098.0 827.0 1145.0 904.0
scab 0.031210182000000003 1085.0 931.0 1178.0 1081.0
scab 0.03114011 1054.0 724.0 1102.0 797.0
scab 0.031081919 501.0 783.0 549.0 855.0
scab 0.031036435 1164.0 626.0 1212.0 719.0
scab 0.030898327000000003 1423.0 665.0 1509.0 832.0
scab 0.02981288 1033.0 598.0 1082.0 664.0
scab 0.029807913999999998 845.0 587.0 892.0 669.0
scab 0.029570363 998.0 810.0 1086.0 945.0
scab 0.029468112 908.0 214.0 1094.0 437.0
scab 0.029221737999999997 1433.0 677.0 1478.0 751.0
scab 0.02898338 773.0 896.0 819.0 966.0
scab 0.028677292000000004 781.0 1032.0 829.0 1114.0
scab 0.02855337 1264.0 657.0 1314.0 735.0
scab 0.027734136 1887.0 122.0 1939.0 197.0
scab 0.027674094 1053.0 1013.0 1101.0 1093.0
scab 0.027430644 1094.0 610.0 1142.0 693.0
scab 0.027022872000000003 931.0 234.0 999.0 409.0
scab 0.025506637999999998 910.0 800.0 999.0 952.0
scab 0.024978304 1201.0 955.0 1291.0 1028.0
scab 0.024755314 1460.0 745.0 1504.0 814.0
scab 0.024641633 880.0 251.0 946.0 387.0
scab 0.024491847 890.0 1013.0 934.0 1096.0
scab 0.024437074 839.0 980.0 884.0 1054.0
scab 0.024337575 461.0 437.0 506.0 523.0
scab 0.024250422 690.0 894.0 737.0 964.0
scab 0.023364041000000002 1373.0 761.0 1421.0 840.0
scab 0.023282688 705.0 546.0 792.0 691.0
scab 0.023183055 1381.0 642.0 1469.0 784.0
scab 0.02303063 440.0 754.0 539.0 904.0
scab 0.022959177999999997 739.0 766.0 778.0 835.0
scab 0.022928279 1470.0 583.0 1539.0 741.0
scab 0.022839863 1141.0 972.0 1187.0 1053.0
scab 0.022756431 1005.0 448.0 1095.0 600.0
scab 0.022258911 963.0 929.0 1050.0 1074.0
scab 0.021903738 930.0 398.0 974.0 478.0
scab 0.02121311 1089.0 464.0 1176.0 602.0
scab 0.02115058 1055.0 914.0 1102.0 989.0
scab 0.021087428999999998 1305.0 701.0 1398.0 870.0
scab 0.021061592 861.0 863.0 907.0 953.0
scab 0.020882243 1228.0 486.0 1272.0 562.0
scab 0.020466274 964.0 350.0 1015.0 436.0
scab 0.02024375 805.0 400.0 847.0 469.0
scab 0.019773023 1100.0 298.0 1164.0 432.0
scab 0.019226616000000002 782.0 318.0 824.0 395.0
scab 0.019202568 1167.0 768.0 1266.0 906.0
scab 0.019153878 1333.0 763.0 1378.0 833.0
scab 0.019036306 588.0 847.0 634.0 919.0
scab 0.018865315 553.0 738.0 676.0 835.0
scab 0.018671319 1040.0 795.0 1139.0 947.0
scab 0.018352484 1398.0 717.0 1554.0 849.0
scab 0.018096462 902.0 657.0 946.0 731.0
scab 0.017578717 1250.0 700.0 1341.0 880.0
scab 0.017508206999999998 1185.0 321.0 1324.0 582.0
scab 0.01739733 876.0 576.0 968.0 737.0
scab 0.017295454 587.0 912.0 633.0 983.0
scab 0.01709953 956.0 807.0 1047.0 948.0
scab 0.01693636 633.0 868.0 780.0 974.0
scab 0.016733302 672.0 806.0 716.0 881.0
scab 0.016662456000000003 1245.0 504.0 1288.0 585.0
scab 0.01660992 1019.0 599.0 1060.0 665.0
scab 0.016448433000000002 1256.0 642.0 1435.0 858.0
rust 0.016437313000000002 1887.0 122.0 1939.0 197.0
scab 0.016343892 714.0 706.0 763.0 777.0
scab 0.016338522 653.0 894.0 698.0 960.0
scab 0.016296702 973.0 848.0 1115.0 1083.0
