scab 0.21063542 925.0 463.0 1016.0 611.0
scab 0.20879245 1051.0 759.0 1139.0 905.0
scab 0.18580832 837.0 789.0 917.0 945.0
scab 0.17431341 735.0 608.0 832.0 787.0
scab 0.16090932 1032.0 404.0 1129.0 567.0
rust 0.12796758 613.0 606.0 646.0 645.0
scab 0.12477929 735.0 674.0 777.0 755.0
scab 0.12041516 1090.0 577.0 1172.0 733.0
scab 0.11676173 825.0 574.0 920.0 749.0
scab 0.11566869999999999 955.0 630.0 1043.0 783.0
scab 0.10384141 1126.0 908.0 1214.0 1083.0
scab 0.096679665 570.0 645.0 610.0 707.0
scab 0.09358926 277.0 337.0 327.0 416.0
scab 0.08491789999999999 737.0 816.0 781.0 903.0
scab 0.083997846 703.0 766.0 799.0 915.0
rust 0.07161445 0.0 126.0 58.0 206.0
scab 0.06711349999999999 911.0 878.0 1003.0 1046.0
scab 0.06582106 1171.0 585.0 1253.0 728.0
rust 0.054606974 570.0 645.0 610.0 707.0
scab 0.054368745999999996 779.0 629.0 825.0 711.0
scab 0.04881936 779.0 581.0 877.0 745.0
scab 0.047924115999999996 1204.0 459.0 1249.0 535.0
scab 0.047829747 949.0 913.0 1042.0 1099.0
scab 0.04742079 835.0 666.0 914.0 809.0
scab 0.04718167 1123.0 801.0 1168.0 883.0
scab 0.045498088 743.0 891.0 833.0 1041.0
scab 0.04441024 865.0 800.0 910.0 891.0
scab 0.041655064 844.0 689.0 889.0 780.0
scab 0.03836302 1121.0 759.0 1215.0 909.0
scab 0.036580893999999996 1105.0 890.0 1145.0 972.0
scab 0.03592972 1085.0 882.0 1180.0 1037.0
scab 0.03567066 967.0 483.0 1017.0 564.0
scab 0.035246126 864.0 577.0 959.0 742.0
scab 0.034795925 609.0 600.0 650.0 654.0
scab 0.033869702 992.0 315.0 1037.0 396.0
scab 0.032581344 1261.0 850.0 1350.0 994.0
scab 0.03253808 1013.0 464.0 1060.0 536.0
scab 0.031713307 1047.0 885.0 1133.0 1032.0
scab 0.031488754 1130.0 366.0 1209.0 533.0
scab 0.030467182000000002 1163.0 883.0 1260.0 1040.0
scab 0.030305035 1317.0 975.0 1361.0 1050.0
scab 0.028936725 1260.0 587.0 1346.0 741.0
scab 0.02656272 1081.0 775.0 1169.0 955.0
scab 0.026198896 735.0 789.0 821.0 937.0
scab 0.026064426 959.0 419.0 1052.0 587.0
scab 0.025962546 878.0 889.0 965.0 1025.0
scab 0.025872358999999998 969.0 673.0 1018.0 754.0
scab 0.02428519 1038.0 958.0 1132.0 1137.0
scab 0.024050852 1310.0 887.0 1358.0 967.0
scab 0.022815422999999998 1072.0 446.0 1118.0 518.0
scab 0.022783142000000003 1136.0 416.0 1184.0 503.0
scab 0.022573816 989.0 435.0 1088.0 608.0
scab 0.022030672 1171.0 415.0 1255.0 565.0
scab 0.021958109 923.0 894.0 968.0 966.0
scab 0.02044999 911.0 582.0 1002.0 746.0
scab 0.02011922 1297.0 862.0 1376.0 1051.0
scab 0.019464217 946.0 498.0 997.0 588.0
scab 0.019121412 995.0 956.0 1089.0 1134.0
rust 0.018744653 1657.0 431.0 1716.0 641.0
scab 0.018378709 860.0 758.0 951.0 909.0
scab 0.017802803 1046.0 737.0 1200.0 1017.0
scab 0.01748221 1029.0 458.0 1080.0 537.0
scab 0.017404526 1123.0 581.0 1222.0 733.0
scab 0.01711562 1084.0 376.0 1175.0 531.0
scab 0.017032191000000002 1099.0 835.0 1241.0 1095.0
scab 0.016133947 960.0 751.0 1039.0 905.0
scab 0.01605553 1187.0 608.0 1232.0 695.0
rust 0.014746526000000001 1507.0 670.0 1548.0 751.0
scab 0.01407075 1209.0 878.0 1298.0 1032.0
rust 0.013991351 277.0 337.0 327.0 416.0
scab 0.012575583999999999 689.0 652.0 824.0 754.0
scab 0.0120703615 921.0 659.0 1012.0 824.0
scab 0.011999022 1072.0 795.0 1116.0 891.0
scab 0.011935221999999999 1137.0 789.0 1181.0 862.0
scab 0.011122065 1104.0 605.0 1147.0 691.0
scab 0.0109958425 660.0 755.0 751.0 918.0
scab 0.010845503000000001 201.0 504.0 250.0 592.0
scab 0.010775456999999999 1297.0 617.0 1382.0 781.0
scab 0.010660511999999999 1173.0 714.0 1259.0 871.0
scab 0.010331062 708.0 664.0 794.0 811.0
