rust 0.5466217 640.0 877.0 710.0 1051.0
scab 0.21341453 1380.0 160.0 1448.0 309.0
rust 0.12067432 781.0 951.0 823.0 1021.0
scab 0.08712641 569.0 435.0 619.0 512.0
rust 0.081750266 896.0 744.0 924.0 782.0
rust 0.07111102 615.0 896.0 764.0 1027.0
scab 0.07024778400000001 1029.0 492.0 1072.0 547.0
scab 0.06961210000000001 1374.0 176.0 1426.0 264.0
rust 0.06517301 1106.0 593.0 1135.0 631.0
scab 0.050270617000000004 781.0 951.0 823.0 1021.0
rust 0.04569953 1361.0 166.0 1442.0 299.0
rust 0.043436244000000006 958.0 184.0 986.0 221.0
rust 0.043124333 569.0 435.0 619.0 512.0
scab 0.035592988 1106.0 593.0 1135.0 631.0
scab 0.031031394 283.0 74.0 355.0 234.0
scab 0.030671518 1454.0 594.0 1498.0 659.0
rust 0.027518527999999997 243.0 321.0 284.0 386.0
scab 0.02659711 371.0 76.0 435.0 230.0
scab 0.024767086 640.0 877.0 710.0 1051.0
scab 0.024435803 1392.0 198.0 1439.0 294.0
rust 0.023654776000000002 1385.0 755.0 1412.0 792.0
rust 0.023021737 1108.0 117.0 1135.0 151.0
rust 0.020214755 920.0 610.0 947.0 648.0
rust 0.018162457 607.0 828.0 730.0 1098.0
scab 0.017348231999999998 1468.0 458.0 1494.0 497.0
scab 0.013662348000000001 896.0 744.0 924.0 782.0
rust 0.012596874499999999 171.0 145.0 198.0 181.0
scab 0.012566108999999999 1342.0 136.0 1497.0 340.0
scab 0.0120409075 615.0 896.0 764.0 1027.0
rust 0.011924926 1025.0 354.0 1049.0 391.0
rust 0.010985185 1468.0 458.0 1494.0 497.0
scab 0.010933851000000001 920.0 610.0 947.0 648.0
scab 0.010822152 1105.0 588.0 1139.0 659.0
scab 0.010163600000000002 1385.0 755.0 1412.0 792.0
