rust 0.40186596 597.0 801.0 664.0 966.0
scab 0.16446532 916.0 396.0 982.0 567.0
scab 0.105378985 1637.0 895.0 1679.0 963.0
scab 0.08436631 541.0 789.0 592.0 850.0
rust 0.07622998 1810.0 721.0 1841.0 762.0
rust 0.075370625 1180.0 926.0 1244.0 1098.0
rust 0.06822377 569.0 848.0 654.0 924.0
rust 0.06463981 920.0 976.0 948.0 1017.0
scab 0.05741678 1807.0 713.0 1845.0 769.0
rust 0.055588868 602.0 854.0 699.0 921.0
scab 0.04246815 1786.0 858.0 1828.0 923.0
rust 0.039628777999999996 1637.0 895.0 1679.0 963.0
scab 0.039304443 894.0 378.0 967.0 528.0
rust 0.038655516 1158.0 975.0 1251.0 1046.0
scab 0.035563875 927.0 432.0 973.0 527.0
rust 0.034904133999999996 541.0 789.0 592.0 850.0
rust 0.034817226 554.0 965.0 583.0 1004.0
rust 0.034385987 849.0 630.0 877.0 668.0
rust 0.03370762 916.0 396.0 982.0 567.0
rust 0.030099953 438.0 931.0 465.0 968.0
rust 0.019469695 738.0 949.0 765.0 987.0
rust 0.018987477 508.0 521.0 537.0 559.0
scab 0.017673101 597.0 801.0 664.0 966.0
rust 0.016516265 823.0 929.0 852.0 969.0
scab 0.015956426 1805.0 629.0 1848.0 708.0
rust 0.015679106 569.0 826.0 725.0 934.0
rust 0.013910575 379.0 758.0 405.0 796.0
scab 0.013689075 1714.0 491.0 1758.0 554.0
scab 0.012167187 819.0 920.0 857.0 979.0
rust 0.011764253 428.0 927.0 456.0 967.0
rust 0.011609807 616.0 562.0 642.0 601.0
scab 0.011133766000000002 1180.0 926.0 1244.0 1098.0
rust 0.010935311000000001 594.0 547.0 622.0 587.0
scab 0.010885941000000001 920.0 976.0 948.0 1017.0
rust 0.010823481999999999 1162.0 962.0 1210.0 1035.0
