rust 0.60306513 1703.0 511.0 1749.0 588.0
rust 0.38126659999999996 834.0 548.0 894.0 639.0
rust 0.34822083 1883.0 311.0 1943.0 389.0
rust 0.28221256 843.0 507.0 890.0 699.0
rust 0.14623865 251.0 777.0 283.0 817.0
rust 0.14618613 401.0 991.0 427.0 1027.0
rust 0.11282402 1014.0 1315.0 1053.0 1365.0
rust 0.035160307 319.0 954.0 350.0 995.0
scab 0.03079716 247.0 772.0 286.0 825.0
scab 0.024881886000000002 1014.0 1315.0 1053.0 1365.0
rust 0.021683404 1019.0 1328.0 1048.0 1365.0
rust 0.017846838 1347.0 713.0 1374.0 751.0
rust 0.016577411 1894.0 328.0 1933.0 371.0
scab 0.0131832175 401.0 991.0 427.0 1027.0
scab 0.011650715 922.0 26.0 998.0 182.0
