rust 0.42373455 940.0 789.0 1011.0 940.0
rust 0.3113438 1978.0 308.0 2040.0 387.0
rust 0.102939636 1032.0 926.0 1075.0 986.0
rust 0.07601169 397.0 421.0 447.0 493.0
scab 0.052564964000000006 940.0 789.0 1011.0 940.0
rust 0.04815015 955.0 822.0 1013.0 908.0
rust 0.03015468 1041.0 944.0 1072.0 981.0
rust 0.028840609 912.0 820.0 1030.0 915.0
rust 0.022256518 406.0 435.0 439.0 477.0
scab 0.014806713 392.0 428.0 477.0 483.0
rust 0.012732736000000001 418.0 439.0 450.0 473.0
scab 0.011321678 955.0 822.0 1013.0 908.0
