rust 0.64208794 1443.0 735.0 1492.0 810.0
rust 0.64164054 1289.0 812.0 1344.0 887.0
rust 0.6359300999999999 896.0 726.0 951.0 801.0
rust 0.59986347 1474.0 950.0 1525.0 1022.0
rust 0.5800506 965.0 495.0 1026.0 563.0
rust 0.5661571 1352.0 1004.0 1403.0 1059.0
rust 0.5436976 1712.0 187.0 1768.0 251.0
rust 0.5300322 415.0 1027.0 458.0 1082.0
rust 0.46429792 828.0 628.0 895.0 705.0
rust 0.44355294 1788.0 335.0 1821.0 377.0
rust 0.40484380000000003 620.0 183.0 670.0 268.0
rust 0.38094258 998.0 358.0 1030.0 400.0
rust 0.33196095 1537.0 972.0 1603.0 1042.0
rust 0.30619717 1366.0 1053.0 1417.0 1116.0
rust 0.24362902 421.0 106.0 492.0 303.0
rust 0.23696043 1308.0 373.0 1368.0 444.0
rust 0.15002556 1295.0 896.0 1360.0 972.0
rust 0.143706 986.0 33.0 1041.0 119.0
rust 0.12775919 1763.0 1285.0 1812.0 1341.0
scab 0.11934529 776.0 702.0 825.0 766.0
rust 0.104090095 1871.0 607.0 1898.0 645.0
rust 0.08898389 664.0 689.0 709.0 751.0
rust 0.072328985 1300.0 810.0 1358.0 1036.0
scab 0.07134833 1759.0 1286.0 1839.0 1342.0
rust 0.06595336 1724.0 199.0 1759.0 241.0
rust 0.058379658 528.0 1182.0 564.0 1263.0
rust 0.055401335999999995 1365.0 991.0 1415.0 1161.0
rust 0.05451152 1711.0 819.0 1738.0 857.0
rust 0.04554383 425.0 170.0 495.0 235.0
scab 0.032509454 1396.0 854.0 1444.0 924.0
rust 0.03238987 459.0 1184.0 489.0 1222.0
scab 0.031339724 1352.0 1004.0 1403.0 1059.0
rust 0.02780122 1796.0 771.0 1847.0 834.0
rust 0.026241062000000002 1320.0 390.0 1354.0 431.0
rust 0.02482064 1483.0 967.0 1517.0 1009.0
rust 0.024313727 1908.0 1100.0 1956.0 1181.0
rust 0.02291056 820.0 886.0 860.0 967.0
rust 0.02257741 1772.0 527.0 1801.0 568.0
rust 0.022413697000000003 977.0 736.0 1003.0 773.0
rust 0.022367578 1553.0 988.0 1586.0 1031.0
scab 0.018915452 664.0 689.0 709.0 751.0
rust 0.016705124 665.0 957.0 714.0 1027.0
rust 0.01635651 1106.0 730.0 1134.0 770.0
rust 0.01619357 673.0 709.0 702.0 749.0
scab 0.015839955 1327.0 657.0 1381.0 737.0
scab 0.015615905 1895.0 341.0 1938.0 410.0
scab 0.015303356 1474.0 950.0 1525.0 1022.0
rust 0.01495721 1048.0 352.0 1073.0 389.0
scab 0.014896163 998.0 358.0 1030.0 400.0
scab 0.014745338 828.0 628.0 895.0 705.0
scab 0.014185149 1309.0 626.0 1376.0 772.0
scab 0.013882828 1712.0 187.0 1768.0 251.0
rust 0.013249781 1613.0 441.0 1656.0 525.0
scab 0.013074713 1908.0 1100.0 1956.0 1181.0
scab 0.013054328 1537.0 972.0 1603.0 1042.0
rust 0.012896183 1285.0 781.0 1337.0 976.0
rust 0.012608662 524.0 1271.0 561.0 1344.0
scab 0.012411451 1102.0 722.0 1137.0 783.0
rust 0.012148684 1688.0 915.0 1759.0 1091.0
rust 0.011908806999999999 1671.0 924.0 1721.0 1010.0
scab 0.011551337 1711.0 819.0 1738.0 857.0
scab 0.011508773 665.0 957.0 714.0 1027.0
scab 0.011481888 1688.0 915.0 1759.0 1091.0
scab 0.011443247 1365.0 991.0 1415.0 1161.0
scab 0.011384285 977.0 736.0 1003.0 773.0
scab 0.011377431 1788.0 335.0 1821.0 377.0
scab 0.011191926000000001 421.0 106.0 492.0 303.0
scab 0.011092537 1772.0 527.0 1801.0 568.0
rust 0.010927929 844.0 649.0 879.0 692.0
scab 0.010863838 1906.0 455.0 1978.0 603.0
rust 0.01024536 985.0 352.0 1047.0 404.0
rust 0.010200711 537.0 1111.0 587.0 1176.0
scab 0.010133179 1769.0 1291.0 1803.0 1336.0
scab 0.010102432 794.0 837.0 865.0 1013.0
scab 0.010035689 1443.0 735.0 1492.0 810.0
