rust 0.7946828 816.0 373.0 866.0 457.0
rust 0.7033632 1409.0 671.0 1462.0 750.0
rust 0.610019 1276.0 526.0 1333.0 607.0
rust 0.5407765 1698.0 829.0 1744.0 901.0
rust 0.5387734000000001 615.0 693.0 687.0 889.0
rust 0.49904504 922.0 747.0 981.0 811.0
rust 0.47762617 367.0 620.0 428.0 785.0
rust 0.45842259999999996 907.0 314.0 964.0 389.0
rust 0.43808848 1512.0 706.0 1572.0 797.0
rust 0.40611586 1435.0 459.0 1494.0 549.0
rust 0.35899398 592.0 459.0 651.0 612.0
rust 0.35541242 897.0 369.0 953.0 522.0
rust 0.33780894 205.0 897.0 257.0 970.0
rust 0.30278075 376.0 935.0 462.0 1009.0
rust 0.25195482 1749.0 817.0 1799.0 907.0
rust 0.17168203 1553.0 475.0 1599.0 557.0
rust 0.13994186 585.0 499.0 664.0 578.0
rust 0.13190354 1612.0 929.0 1638.0 965.0
scab 0.12369792 615.0 693.0 687.0 889.0
scab 0.11137356 367.0 620.0 428.0 785.0
rust 0.10962099 891.0 413.0 969.0 492.0
rust 0.10886461 1800.0 777.0 1847.0 866.0
rust 0.1062018 981.0 590.0 1010.0 629.0
scab 0.08544837 922.0 747.0 981.0 811.0
rust 0.073706955 594.0 729.0 713.0 849.0
rust 0.07208787 360.0 659.0 427.0 738.0
rust 0.06983312 1326.0 993.0 1389.0 1177.0
scab 0.062444787 592.0 459.0 651.0 612.0
rust 0.054941952 1400.0 808.0 1428.0 846.0
rust 0.047015235 129.0 791.0 176.0 850.0
rust 0.043701332 1446.0 423.0 1490.0 615.0
rust 0.041942902000000004 1523.0 671.0 1577.0 833.0
rust 0.04070262 932.0 758.0 969.0 803.0
rust 0.03917172 619.0 726.0 681.0 829.0
scab 0.03646702 897.0 369.0 953.0 522.0
rust 0.032605678 139.0 801.0 168.0 837.0
rust 0.02619035 385.0 894.0 449.0 1048.0
rust 0.025443304 1188.0 783.0 1249.0 967.0
rust 0.023055512 1804.0 879.0 1849.0 972.0
rust 0.019666357 1602.0 924.0 1630.0 964.0
scab 0.019579051 907.0 314.0 964.0 389.0
scab 0.018583862 981.0 590.0 1010.0 629.0
scab 0.018454468 354.0 667.0 433.0 749.0
rust 0.01793529 1558.0 494.0 1593.0 539.0
scab 0.017413916 205.0 897.0 257.0 970.0
scab 0.017045215 594.0 729.0 713.0 849.0
scab 0.01530002 619.0 726.0 681.0 829.0
rust 0.014367056999999999 1344.0 1035.0 1403.0 1122.0
rust 0.013329542 1417.0 690.0 1453.0 734.0
scab 0.013237708 816.0 373.0 866.0 457.0
rust 0.012266125 916.0 327.0 953.0 378.0
scab 0.011714805 380.0 934.0 427.0 1009.0
rust 0.011300138999999999 409.0 923.0 461.0 993.0
scab 0.0112886075 568.0 498.0 662.0 580.0
scab 0.010311241 385.0 894.0 449.0 1048.0
