scab 0.35751859999999996 662.0 395.0 753.0 576.0
scab 0.28505448 834.0 716.0 920.0 855.0
scab 0.23527867 1218.0 739.0 1301.0 920.0
scab 0.21130438 1123.0 827.0 1217.0 984.0
scab 0.19422008 869.0 346.0 971.0 545.0
scab 0.18985856 703.0 772.0 794.0 911.0
scab 0.18032826 834.0 588.0 917.0 735.0
scab 0.17808373 274.0 501.0 356.0 655.0
scab 0.17506121 700.0 580.0 788.0 746.0
scab 0.16875796 915.0 541.0 997.0 702.0
scab 0.16763385 862.0 756.0 914.0 835.0
scab 0.15016606 1213.0 609.0 1294.0 785.0
scab 0.14995216 839.0 855.0 929.0 1000.0
scab 0.143369 369.0 553.0 451.0 681.0
scab 0.13125034 1260.0 492.0 1345.0 658.0
scab 0.11973532 737.0 881.0 824.0 1024.0
scab 0.11899909 1032.0 580.0 1133.0 761.0
scab 0.11536051 391.0 572.0 439.0 647.0
scab 0.11211589999999999 368.0 406.0 454.0 554.0
scab 0.10667766 695.0 678.0 741.0 758.0
scab 0.10203904 1250.0 845.0 1298.0 927.0
scab 0.09636412 532.0 374.0 615.0 519.0
scab 0.09465619 784.0 484.0 826.0 561.0
scab 0.08710056 530.0 580.0 623.0 731.0
scab 0.087074265 611.0 579.0 700.0 734.0
scab 0.078334734 1237.0 762.0 1291.0 839.0
scab 0.07055621599999999 572.0 587.0 669.0 732.0
scab 0.06615213 904.0 292.0 993.0 519.0
scab 0.06507008 743.0 549.0 830.0 689.0
scab 0.06435593 582.0 485.0 626.0 551.0
scab 0.06220968 499.0 374.0 547.0 454.0
scab 0.060885224 438.0 630.0 479.0 705.0
scab 0.057957787000000004 501.0 511.0 541.0 579.0
scab 0.057229392000000004 783.0 556.0 827.0 624.0
scab 0.05620205 443.0 581.0 532.0 736.0
scab 0.05073993 717.0 631.0 762.0 709.0
scab 0.050235126 1136.0 367.0 1213.0 530.0
scab 0.050020155 995.0 703.0 1088.0 871.0
scab 0.046937767000000005 393.0 551.0 490.0 697.0
scab 0.045729037 718.0 580.0 763.0 638.0
scab 0.043643862 732.0 785.0 819.0 957.0
scab 0.04231547 587.0 846.0 670.0 975.0
scab 0.040522497000000005 967.0 710.0 1050.0 874.0
scab 0.039895356 487.0 577.0 583.0 736.0
scab 0.03975274 847.0 251.0 894.0 333.0
scab 0.038993873 667.0 623.0 756.0 776.0
scab 0.038179923 267.0 760.0 315.0 842.0
scab 0.03581762 459.0 334.0 497.0 410.0
scab 0.03575271 907.0 399.0 991.0 562.0
scab 0.03443792 236.0 712.0 320.0 875.0
scab 0.03289004 613.0 626.0 658.0 710.0
scab 0.032639276 1168.0 591.0 1212.0 668.0
scab 0.032602604 1222.0 666.0 1268.0 759.0
scab 0.029483857000000002 1051.0 841.0 1133.0 1005.0
scab 0.028774837 837.0 363.0 923.0 522.0
scab 0.02872147 563.0 402.0 606.0 480.0
scab 0.027993822 1075.0 578.0 1169.0 749.0
scab 0.027758285 782.0 542.0 873.0 692.0
scab 0.024970843 1157.0 395.0 1202.0 483.0
scab 0.024816895 949.0 823.0 996.0 897.0
scab 0.024429167 653.0 562.0 696.0 648.0
scab 0.02418034 846.0 628.0 893.0 709.0
scab 0.023799276 497.0 366.0 585.0 517.0
scab 0.023539755 695.0 466.0 743.0 543.0
scab 0.02324915 710.0 803.0 799.0 1026.0
scab 0.022852406000000002 609.0 869.0 659.0 947.0
scab 0.02275408 864.0 575.0 965.0 740.0
scab 0.022282567000000003 736.0 588.0 764.0 630.0
scab 0.022278622 750.0 821.0 800.0 898.0
scab 0.02211372 432.0 461.0 480.0 537.0
scab 0.021773005 825.0 236.0 1005.0 501.0
scab 0.020922776 347.0 824.0 396.0 902.0
scab 0.020308996 971.0 284.0 1015.0 369.0
scab 0.020275306 986.0 614.0 1124.0 724.0
scab 0.020236224 1249.0 793.0 1334.0 950.0
scab 0.020145232 304.0 525.0 352.0 610.0
scab 0.020079764 979.0 579.0 1124.0 837.0
scab 0.019187836 387.0 424.0 501.0 540.0
scab 0.018540315 667.0 771.0 754.0 904.0
scab 0.016526047 882.0 276.0 965.0 462.0
scab 0.015964225 734.0 807.0 785.0 887.0
scab 0.015746607 267.0 634.0 307.0 713.0
scab 0.0143819675 1078.0 893.0 1127.0 970.0
scab 0.014197656999999999 1036.0 706.0 1121.0 863.0
scab 0.013519357 591.0 382.0 633.0 448.0
scab 0.013371643999999999 490.0 504.0 572.0 655.0
scab 0.012800026 976.0 776.0 1018.0 861.0
scab 0.012661751 1050.0 736.0 1096.0 814.0
scab 0.0126027465 271.0 628.0 364.0 783.0
scab 0.012530545 589.0 497.0 619.0 539.0
scab 0.012484455 990.0 766.0 1039.0 842.0
rust 0.012437525 582.0 485.0 626.0 551.0
scab 0.012424521000000001 795.0 681.0 878.0 821.0
scab 0.012102499 691.0 821.0 735.0 900.0
scab 0.011993328000000001 290.0 540.0 337.0 632.0
scab 0.011891802 1133.0 813.0 1295.0 939.0
scab 0.01146091 1200.0 640.0 1308.0 950.0
scab 0.011328752 542.0 596.0 588.0 668.0
scab 0.011190173999999999 1040.0 446.0 1127.0 618.0
scab 0.011090467 1092.0 799.0 1186.0 971.0
scab 0.011027128 458.0 550.0 498.0 626.0
scab 0.010992932 1337.0 741.0 1382.0 817.0
scab 0.010968501 810.0 621.0 929.0 882.0
scab 0.010843195 625.0 375.0 714.0 528.0
scab 0.010771755 1012.0 456.0 1090.0 612.0
scab 0.01068844 842.0 894.0 890.0 964.0
scab 0.010580032 250.0 479.0 291.0 566.0
rust 0.010574465 1168.0 591.0 1212.0 668.0
scab 0.010548614 1852.0 434.0 1934.0 637.0
scab 0.010360052 356.0 799.0 438.0 945.0
scab 0.010323612 631.0 439.0 671.0 517.0
scab 0.0102578765 862.0 911.0 948.0 981.0
rust 0.0102516385 1157.0 395.0 1202.0 483.0
scab 0.0101417955 919.0 802.0 1004.0 949.0
scab 0.010106164 863.0 393.0 910.0 478.0
scab 0.010033444499999999 655.0 556.0 747.0 694.0
