scab 0.50120807 957.0 720.0 1063.0 864.0
scab 0.40504629999999997 1171.0 715.0 1274.0 871.0
scab 0.29423299999999997 273.0 749.0 353.0 887.0
scab 0.26163477 399.0 830.0 501.0 982.0
scab 0.20440087 441.0 812.0 541.0 961.0
scab 0.17109321 1093.0 713.0 1181.0 852.0
scab 0.09808868 395.0 882.0 446.0 966.0
scab 0.08225325 1124.0 710.0 1227.0 859.0
scab 0.07322445 193.0 324.0 268.0 464.0
scab 0.07132594 455.0 847.0 506.0 923.0
rust 0.05035139 481.0 271.0 509.0 307.0
scab 0.046385415 474.0 851.0 568.0 922.0
scab 0.04526767 929.0 718.0 1016.0 864.0
scab 0.031772044 185.0 358.0 265.0 424.0
scab 0.030167086 967.0 748.0 1054.0 820.0
rust 0.028698724 273.0 749.0 353.0 887.0
scab 0.026999926 297.0 297.0 368.0 430.0
scab 0.02553793 1116.0 731.0 1168.0 825.0
scab 0.024916293 310.0 326.0 386.0 386.0
scab 0.021661693 1004.0 726.0 1179.0 837.0
scab 0.021231286000000002 700.0 1006.0 778.0 1160.0
scab 0.021135956 411.0 868.0 462.0 952.0
rust 0.01989265 472.0 264.0 517.0 318.0
scab 0.019539304 893.0 740.0 1052.0 838.0
scab 0.018418098 284.0 785.0 369.0 860.0
scab 0.017189896 589.0 660.0 631.0 723.0
scab 0.01709394 1014.0 1046.0 1054.0 1115.0
scab 0.016613396000000002 1395.0 638.0 1458.0 783.0
scab 0.016419098 995.0 1007.0 1079.0 1169.0
scab 0.015368408500000002 482.0 825.0 564.0 982.0
scab 0.014960153 352.0 865.0 484.0 953.0
scab 0.014030385 1086.0 922.0 1164.0 1075.0
scab 0.013940651 806.0 1086.0 847.0 1153.0
scab 0.012381186 243.0 763.0 333.0 839.0
scab 0.012218393999999999 372.0 800.0 455.0 970.0
scab 0.012076695 619.0 1005.0 701.0 1166.0
scab 0.011456118999999999 950.0 758.0 998.0 845.0
scab 0.01135486 791.0 889.0 872.0 1036.0
scab 0.01123546 1030.0 749.0 1077.0 816.0
scab 0.010941996 954.0 614.0 996.0 681.0
