rust 0.34091538 1422.0 645.0 1489.0 830.0
scab 0.14400262 1374.0 794.0 1415.0 853.0
scab 0.12603973 1583.0 441.0 1634.0 519.0
scab 0.09611708 1558.0 416.0 1637.0 550.0
rust 0.07144878 1276.0 307.0 1299.0 347.0
scab 0.060841583 834.0 1035.0 882.0 1113.0
scab 0.037486847000000004 1422.0 645.0 1489.0 830.0
rust 0.035915628 1418.0 694.0 1499.0 779.0
scab 0.018050121000000002 828.0 1018.0 910.0 1158.0
scab 0.016686331000000002 1276.0 307.0 1299.0 347.0
rust 0.016343487 1374.0 794.0 1415.0 853.0
rust 0.014448518 976.0 305.0 1001.0 345.0
scab 0.0134605765 903.0 1084.0 946.0 1157.0
scab 0.011931572 1483.0 276.0 1524.0 343.0
rust 0.010370281 1490.0 287.0 1518.0 330.0
