rust 0.646574 1920.0 1198.0 1973.0 1267.0
rust 0.4983161 754.0 854.0 806.0 931.0
rust 0.42304158 661.0 919.0 730.0 1103.0
rust 0.40759298 562.0 759.0 621.0 845.0
rust 0.33661407 1291.0 955.0 1379.0 1017.0
rust 0.31201607 819.0 850.0 907.0 921.0
rust 0.30591598 485.0 784.0 552.0 950.0
rust 0.23622009 485.0 1299.0 528.0 1365.0
scab 0.22870427 952.0 1009.0 999.0 1071.0
rust 0.15861270000000002 1439.0 482.0 1467.0 523.0
scab 0.13819648 661.0 919.0 730.0 1103.0
rust 0.12523459 1876.0 1186.0 1902.0 1223.0
rust 0.09785024 482.0 828.0 556.0 902.0
rust 0.081301674 650.0 971.0 739.0 1055.0
rust 0.06580986 592.0 1124.0 637.0 1206.0
scab 0.056181185 485.0 1299.0 528.0 1365.0
rust 0.05592153 837.0 806.0 898.0 963.0
scab 0.05434984 500.0 670.0 545.0 751.0
rust 0.041638415 952.0 1009.0 999.0 1071.0
scab 0.039992213 1439.0 482.0 1467.0 523.0
scab 0.039482426 756.0 856.0 806.0 942.0
rust 0.03503882 460.0 804.0 586.0 927.0
scab 0.032697354 929.0 367.0 969.0 422.0
scab 0.0275992 825.0 844.0 877.0 927.0
scab 0.026740102 476.0 802.0 540.0 931.0
scab 0.025583584 562.0 759.0 621.0 845.0
rust 0.025523123999999998 1317.0 968.0 1349.0 1011.0
scab 0.024451393999999998 1876.0 1186.0 1902.0 1223.0
scab 0.023019575 837.0 806.0 898.0 963.0
rust 0.020760471000000003 655.0 953.0 700.0 1035.0
scab 0.019447876 1299.0 953.0 1368.0 1018.0
scab 0.018121671000000002 650.0 971.0 739.0 1055.0
scab 0.013903371999999999 1140.0 500.0 1222.0 651.0
scab 0.012797128 655.0 953.0 700.0 1035.0
scab 0.012097324 1596.0 478.0 1624.0 519.0
scab 0.011154356 1679.0 752.0 1721.0 806.0
scab 0.010437618000000001 499.0 553.0 543.0 621.0
scab 0.010233091 656.0 867.0 680.0 903.0
scab 0.010129334 490.0 637.0 563.0 768.0
scab 0.01002099 1490.0 474.0 1525.0 535.0
