rust 0.60787034 1204.0 484.0 1251.0 570.0
rust 0.39910412 1406.0 812.0 1463.0 882.0
rust 0.36428916 1092.0 913.0 1151.0 993.0
scab 0.3342064 1014.0 665.0 1061.0 726.0
rust 0.30581868 289.0 591.0 331.0 659.0
rust 0.23172776 1014.0 665.0 1061.0 726.0
scab 0.1784554 289.0 591.0 331.0 659.0
rust 0.17845455 356.0 621.0 437.0 689.0
scab 0.13200267 366.0 621.0 427.0 689.0
rust 0.124371074 1100.0 882.0 1156.0 1032.0
rust 0.09290868 663.0 805.0 708.0 868.0
scab 0.058290053 374.0 589.0 434.0 721.0
rust 0.055231977 523.0 761.0 570.0 823.0
scab 0.052342404 730.0 790.0 790.0 884.0
rust 0.04471457400000001 727.0 798.0 787.0 858.0
scab 0.038703665 523.0 761.0 570.0 823.0
scab 0.035149900000000005 663.0 805.0 708.0 868.0
rust 0.030894242000000002 532.0 772.0 562.0 812.0
scab 0.024267226 1204.0 484.0 1251.0 570.0
scab 0.02418515 1100.0 882.0 1156.0 1032.0
rust 0.024118986000000002 671.0 818.0 701.0 857.0
rust 0.015381938999999999 374.0 589.0 434.0 721.0
scab 0.014031816 1092.0 913.0 1151.0 993.0
scab 0.013452879 723.0 796.0 765.0 854.0
scab 0.011240441 532.0 772.0 562.0 812.0
