rust 0.45347634 1108.0 626.0 1178.0 792.0
rust 0.44133377 853.0 542.0 926.0 709.0
rust 0.15123457 932.0 910.0 958.0 947.0
rust 0.11684412 719.0 1076.0 786.0 1260.0
scab 0.09338106 1397.0 435.0 1447.0 514.0
rust 0.058189622999999996 833.0 560.0 973.0 686.0
rust 0.045606505 1075.0 667.0 1207.0 756.0
scab 0.04393331 853.0 542.0 926.0 709.0
scab 0.033084743 1389.0 414.0 1465.0 547.0
scab 0.032536756 1108.0 626.0 1178.0 792.0
rust 0.026583562 579.0 717.0 606.0 756.0
rust 0.022952385 669.0 1120.0 833.0 1217.0
scab 0.021957332000000003 1467.0 426.0 1507.0 500.0
rust 0.021547627000000003 862.0 589.0 951.0 668.0
scab 0.012770773000000001 833.0 560.0 973.0 686.0
rust 0.012678797 823.0 496.0 944.0 749.0
scab 0.01213408 932.0 910.0 958.0 947.0
scab 0.011658223999999998 838.0 808.0 881.0 871.0
