scab 0.40287995 1947.0 758.0 2035.0 917.0
scab 0.39570448 1457.0 971.0 1561.0 1121.0
scab 0.37201783 1690.0 843.0 1776.0 983.0
scab 0.34290355 1552.0 448.0 1651.0 608.0
scab 0.316729 1128.0 964.0 1209.0 1125.0
scab 0.30520517 750.0 697.0 833.0 864.0
scab 0.2838584 1757.0 878.0 1860.0 1039.0
scab 0.27993047 481.0 750.0 574.0 928.0
scab 0.26599997 1002.0 678.0 1088.0 823.0
scab 0.24760212 1091.0 786.0 1170.0 940.0
scab 0.23508 1559.0 1107.0 1639.0 1250.0
scab 0.22698614 1606.0 792.0 1684.0 938.0
scab 0.22380066 532.0 453.0 621.0 608.0
scab 0.19759293 1906.0 894.0 1997.0 1038.0
scab 0.19278476 1131.0 629.0 1222.0 774.0
scab 0.18994835 753.0 1004.0 841.0 1165.0
scab 0.18845841 690.0 548.0 786.0 693.0
scab 0.1878394 920.0 918.0 1012.0 1090.0
scab 0.18086396 1269.0 675.0 1355.0 808.0
scab 0.17339437 1763.0 647.0 1862.0 852.0
scab 0.1730989 613.0 421.0 695.0 573.0
scab 0.16170135 612.0 789.0 704.0 941.0
scab 0.15169045 948.0 827.0 1039.0 993.0
scab 0.1340777 915.0 619.0 1005.0 779.0
scab 0.13038294 1942.0 527.0 1995.0 601.0
scab 0.13031429 1803.0 660.0 1908.0 836.0
scab 0.123508886 749.0 844.0 834.0 975.0
scab 0.12319095 826.0 540.0 909.0 690.0
scab 0.115416765 1355.0 1037.0 1402.0 1117.0
scab 0.11436167 1926.0 491.0 2014.0 651.0
scab 0.11411696 1339.0 1017.0 1419.0 1154.0
scab 0.11291236 1672.0 1117.0 1761.0 1297.0
scab 0.10960262 1252.0 898.0 1289.0 958.0
scab 0.10047929 1737.0 714.0 1827.0 856.0
scab 0.088544935 885.0 812.0 927.0 883.0
rust 0.088325314 659.0 712.0 684.0 749.0
scab 0.085927956 531.0 708.0 619.0 868.0
scab 0.07896944 1135.0 670.0 1182.0 750.0
scab 0.07843188 1862.0 1011.0 1952.0 1168.0
scab 0.07726227 1392.0 891.0 1434.0 958.0
scab 0.072831005 1215.0 997.0 1310.0 1176.0
scab 0.07114678599999999 1853.0 703.0 1931.0 854.0
scab 0.06989406 910.0 915.0 952.0 983.0
scab 0.06881229 1580.0 1141.0 1630.0 1221.0
scab 0.061753258 1320.0 955.0 1360.0 1024.0
scab 0.06073743 735.0 871.0 822.0 937.0
scab 0.060561813 1819.0 814.0 1900.0 942.0
scab 0.05631873 1181.0 729.0 1224.0 797.0
scab 0.055768672000000005 963.0 650.0 1008.0 738.0
scab 0.055103384000000005 1680.0 465.0 1720.0 535.0
scab 0.054839015 1595.0 482.0 1684.0 649.0
scab 0.05257043 1304.0 698.0 1351.0 775.0
scab 0.05149097 546.0 501.0 595.0 590.0
scab 0.05127989 1883.0 520.0 2017.0 613.0
scab 0.05031951 1407.0 823.0 1445.0 893.0
scab 0.048255716 1251.0 427.0 1296.0 488.0
scab 0.045495737 631.0 820.0 679.0 902.0
scab 0.04468234 577.0 747.0 670.0 920.0
scab 0.044624694000000006 619.0 585.0 706.0 726.0
scab 0.044302482000000004 1018.0 708.0 1064.0 804.0
rust 0.04285316 1407.0 823.0 1445.0 893.0
scab 0.042604703 1865.0 734.0 1917.0 815.0
scab 0.04249048 835.0 564.0 883.0 651.0
scab 0.042365175 645.0 809.0 693.0 885.0
scab 0.04188255 564.0 447.0 669.0 606.0
scab 0.041534007000000005 656.0 958.0 740.0 1124.0
scab 0.04152579 1419.0 1099.0 1505.0 1244.0
scab 0.040831264 629.0 615.0 674.0 694.0
scab 0.04073016 1885.0 528.0 1927.0 604.0
scab 0.0404281 1653.0 591.0 1695.0 668.0
scab 0.039596334 1078.0 632.0 1120.0 709.0
rust 0.03883055 1214.0 970.0 1239.0 1009.0
scab 0.038771637000000005 1845.0 825.0 1895.0 912.0
scab 0.03794978 1680.0 985.0 1717.0 1049.0
scab 0.03749174 953.0 863.0 999.0 949.0
scab 0.03738002 1625.0 807.0 1669.0 885.0
scab 0.03690859 1775.0 737.0 1826.0 821.0
scab 0.036614135 950.0 624.0 1041.0 780.0
scab 0.035901338 1086.0 593.0 1175.0 738.0
rust 0.03584761 515.0 630.0 539.0 666.0
scab 0.03534138 1523.0 449.0 1612.0 600.0
scab 0.03460843 861.0 320.0 906.0 388.0
scab 0.03374907 967.0 845.0 1016.0 931.0
scab 0.033715844 882.0 828.0 1037.0 1101.0
scab 0.033650074 1183.0 1083.0 1234.0 1158.0
scab 0.03363145 1482.0 980.0 1623.0 1097.0
scab 0.03240057 1734.0 630.0 1817.0 781.0
scab 0.031568278 1463.0 1004.0 1510.0 1103.0
scab 0.031435225 772.0 719.0 825.0 799.0
scab 0.031065517999999997 1168.0 662.0 1247.0 815.0
rust 0.0300598 1255.0 906.0 1286.0 950.0
scab 0.029993008999999998 1214.0 970.0 1239.0 1009.0
scab 0.02831093 673.0 588.0 719.0 663.0
scab 0.027852794 1185.0 663.0 1228.0 733.0
scab 0.027307307000000003 1142.0 996.0 1190.0 1077.0
scab 0.027218557999999997 918.0 808.0 1012.0 960.0
scab 0.027064094 1551.0 962.0 1641.0 1122.0
scab 0.026782452999999998 607.0 480.0 651.0 557.0
scab 0.02638334 1174.0 1052.0 1257.0 1192.0
scab 0.026102317000000003 946.0 971.0 992.0 1058.0
rust 0.025193362 527.0 633.0 553.0 669.0
scab 0.024626866 567.0 664.0 605.0 729.0
scab 0.024594217999999998 632.0 440.0 677.0 522.0
scab 0.024484295 1688.0 825.0 1838.0 1020.0
scab 0.02445767 1232.0 1021.0 1364.0 1140.0
scab 0.023886574 829.0 798.0 918.0 956.0
scab 0.023735026 655.0 567.0 750.0 731.0
scab 0.023609797999999998 881.0 625.0 969.0 777.0
scab 0.022905232 1925.0 936.0 2018.0 1009.0
scab 0.022504639 1630.0 504.0 1676.0 588.0
scab 0.02220536 607.0 758.0 649.0 835.0
scab 0.022009844 659.0 712.0 684.0 749.0
scab 0.021696492999999997 1456.0 1001.0 1548.0 1077.0
scab 0.021580957 1047.0 593.0 1132.0 732.0
scab 0.021195622 1565.0 461.0 1615.0 542.0
scab 0.020753812 870.0 801.0 956.0 953.0
scab 0.020752715 823.0 1014.0 921.0 1165.0
scab 0.020370385 1291.0 706.0 1340.0 801.0
scab 0.019600278 1806.0 493.0 1846.0 561.0
scab 0.01946223 1629.0 801.0 1729.0 948.0
scab 0.019052558 823.0 449.0 861.0 511.0
scab 0.018925363 420.0 782.0 581.0 895.0
scab 0.018808417 1676.0 783.0 1716.0 857.0
scab 0.018713453999999997 778.0 841.0 875.0 980.0
scab 0.018415065 1621.0 1127.0 1765.0 1234.0
scab 0.018148586 997.0 543.0 1040.0 624.0
scab 0.017744126000000002 713.0 586.0 761.0 670.0
scab 0.01763912 1048.0 372.0 1131.0 530.0
scab 0.017587336000000002 955.0 628.0 999.0 718.0
scab 0.017383704 1633.0 451.0 1721.0 620.0
scab 0.017383521000000002 866.0 1008.0 955.0 1168.0
scab 0.01713632 928.0 704.0 967.0 775.0
scab 0.01646719 1216.0 540.0 1294.0 691.0
rust 0.016162 1683.0 995.0 1713.0 1039.0
scab 0.016129917 1422.0 1118.0 1467.0 1205.0
scab 0.015924608 1213.0 445.0 1297.0 617.0
scab 0.015890123 1102.0 814.0 1150.0 912.0
scab 0.015839686999999998 1601.0 699.0 1684.0 890.0
rust 0.01578652 681.0 674.0 702.0 710.0
scab 0.015448431 1144.0 1007.0 1286.0 1163.0
scab 0.015179924 1034.0 715.0 1123.0 858.0
scab 0.015166345 803.0 341.0 844.0 407.0
scab 0.014968028999999999 1738.0 1102.0 1782.0 1182.0
scab 0.014771171999999999 1112.0 802.0 1162.0 888.0
scab 0.014493546999999999 1890.0 1055.0 1936.0 1141.0
scab 0.014339237 1673.0 868.0 1760.0 943.0
