rust 0.5746386 1049.0 700.0 1107.0 778.0
rust 0.5270095 441.0 573.0 488.0 649.0
rust 0.41755119999999996 997.0 939.0 1046.0 1011.0
rust 0.38089073 1531.0 518.0 1592.0 603.0
rust 0.14414784 1361.0 403.0 1402.0 467.0
rust 0.13535003 553.0 905.0 578.0 943.0
scab 0.13411738 1361.0 403.0 1402.0 467.0
scab 0.07101472 441.0 573.0 488.0 649.0
scab 0.063549 1340.0 743.0 1421.0 912.0
scab 0.055283092 1249.0 823.0 1346.0 1020.0
rust 0.036635015 0.0 1187.0 39.0 1270.0
scab 0.034762144 1219.0 824.0 1309.0 1007.0
rust 0.031536285 1170.0 820.0 1198.0 863.0
scab 0.03071943 1057.0 669.0 1109.0 815.0
scab 0.025426683999999998 1167.0 808.0 1202.0 878.0
scab 0.02391043 553.0 905.0 578.0 943.0
rust 0.019344296 1357.0 463.0 1383.0 501.0
scab 0.018595159 997.0 939.0 1046.0 1011.0
scab 0.018246504 494.0 374.0 571.0 532.0
scab 0.016830900000000003 1352.0 449.0 1389.0 514.0
scab 0.013603511 1522.0 511.0 1585.0 633.0
scab 0.012544898999999998 1357.0 463.0 1383.0 501.0
scab 0.011190276 1290.0 827.0 1378.0 1005.0
