scab 0.44419953 743.0 395.0 841.0 585.0
scab 0.4379403 1140.0 633.0 1231.0 782.0
scab 0.40514120000000003 1285.0 872.0 1382.0 1028.0
scab 0.40335694 1040.0 580.0 1123.0 743.0
scab 0.36603495 786.0 660.0 874.0 820.0
scab 0.34492776 965.0 931.0 1063.0 1067.0
scab 0.31331512 952.0 766.0 1040.0 910.0
scab 0.30054575 818.0 833.0 918.0 990.0
scab 0.27825168 949.0 627.0 1044.0 773.0
scab 0.27293026 1344.0 632.0 1426.0 788.0
scab 0.25679812 320.0 541.0 409.0 697.0
scab 0.25272387 957.0 368.0 1057.0 527.0
scab 0.24860659 990.0 406.0 1087.0 563.0
scab 0.20743868 930.0 222.0 998.0 348.0
scab 0.18484832 1295.0 615.0 1340.0 691.0
scab 0.16031635 1259.0 370.0 1331.0 516.0
scab 0.1586144 652.0 510.0 698.0 577.0
scab 0.15779871 613.0 630.0 707.0 774.0
scab 0.15647036 501.0 677.0 546.0 754.0
scab 0.1383933 1389.0 838.0 1479.0 996.0
scab 0.13758188 694.0 620.0 782.0 781.0
scab 0.13413131 440.0 596.0 530.0 735.0
scab 0.13289921 981.0 805.0 1032.0 882.0
scab 0.13231622 1271.0 406.0 1316.0 506.0
scab 0.12793030000000002 885.0 503.0 930.0 583.0
scab 0.12777923 541.0 370.0 621.0 514.0
scab 0.12615792 1381.0 509.0 1467.0 661.0
scab 0.12502167 884.0 401.0 930.0 475.0
scab 0.12359382 485.0 628.0 577.0 782.0
scab 0.1202931 1129.0 762.0 1220.0 908.0
scab 0.11704180000000002 1354.0 767.0 1440.0 894.0
scab 0.11580846 1418.0 887.0 1466.0 973.0
scab 0.10912572 993.0 311.0 1081.0 499.0
scab 0.10427773 819.0 613.0 860.0 681.0
scab 0.10324553 441.0 456.0 536.0 593.0
scab 0.100626126 1208.0 552.0 1255.0 629.0
scab 0.10014784 405.0 407.0 496.0 584.0
scab 0.096347876 409.0 872.0 496.0 1028.0
scab 0.09593937 1084.0 801.0 1175.0 948.0
scab 0.09381896 1202.0 629.0 1299.0 778.0
scab 0.09213463 313.0 677.0 410.0 824.0
scab 0.08862661599999999 886.0 583.0 932.0 669.0
scab 0.08749711 573.0 624.0 672.0 776.0
scab 0.086224005 307.0 792.0 393.0 957.0
scab 0.084553525 1133.0 465.0 1214.0 605.0
scab 0.08277816 871.0 541.0 949.0 694.0
scab 0.08162094 775.0 451.0 863.0 598.0
scab 0.08114323 1116.0 390.0 1163.0 478.0
scab 0.076800495 412.0 594.0 497.0 724.0
scab 0.07550747 1354.0 689.0 1401.0 785.0
scab 0.07268088 696.0 669.0 743.0 756.0
scab 0.07211685 815.0 677.0 864.0 751.0
scab 0.07176576 864.0 918.0 957.0 1097.0
scab 0.07044126 1211.0 923.0 1298.0 1066.0
scab 0.06962633 616.0 407.0 697.0 559.0
scab 0.06892069 1378.0 796.0 1428.0 879.0
scab 0.06770402 568.0 375.0 666.0 525.0
scab 0.065228455 561.0 393.0 610.0 476.0
scab 0.064985715 453.0 612.0 504.0 691.0
scab 0.064220734 275.0 669.0 367.0 825.0
scab 0.06393082 1103.0 822.0 1147.0 898.0
scab 0.062263495999999995 525.0 628.0 620.0 780.0
scab 0.061620258 965.0 659.0 1016.0 734.0
scab 0.060518577999999996 1076.0 869.0 1126.0 945.0
scab 0.06001277 735.0 594.0 778.0 670.0
scab 0.05897685 630.0 425.0 673.0 501.0
scab 0.05409718 564.0 529.0 609.0 608.0
scab 0.05366189 327.0 829.0 372.0 904.0
scab 0.052896693 791.0 595.0 878.0 741.0
scab 0.046575315 929.0 780.0 970.0 858.0
scab 0.046260536 990.0 729.0 1026.0 786.0
scab 0.046109144000000005 353.0 681.0 443.0 823.0
scab 0.04555813 1093.0 377.0 1171.0 511.0
scab 0.04287409 828.0 591.0 920.0 733.0
scab 0.041915752 1178.0 778.0 1225.0 855.0
scab 0.04167452 546.0 725.0 583.0 792.0
scab 0.040732 1268.0 508.0 1317.0 584.0
scab 0.04051326 1052.0 845.0 1136.0 981.0
scab 0.03989565 482.0 466.0 576.0 599.0
scab 0.03849449 310.0 693.0 352.0 780.0
scab 0.03786479 574.0 755.0 663.0 918.0
scab 0.037112128 978.0 619.0 1116.0 765.0
scab 0.03704207 918.0 371.0 1008.0 515.0
scab 0.036605366 534.0 504.0 612.0 639.0
scab 0.03570975 876.0 466.0 957.0 608.0
scab 0.03445324 1078.0 286.0 1118.0 367.0
scab 0.032777503 712.0 388.0 797.0 521.0
scab 0.032352462 480.0 483.0 527.0 567.0
rust 0.031701192 994.0 736.0 1021.0 778.0
scab 0.03079672 793.0 811.0 883.0 963.0
scab 0.030566508 877.0 368.0 960.0 513.0
scab 0.030247778 1361.0 629.0 1403.0 711.0
scab 0.029480305 915.0 716.0 1002.0 873.0
scab 0.029257495 1289.0 912.0 1374.0 988.0
scab 0.029186157999999997 1428.0 373.0 1506.0 527.0
scab 0.028884735 796.0 735.0 842.0 816.0
scab 0.028854143 781.0 484.0 829.0 565.0
scab 0.028218702999999998 794.0 253.0 862.0 383.0
scab 0.027675722000000003 783.0 718.0 828.0 798.0
scab 0.026971575 1257.0 719.0 1337.0 859.0
scab 0.02674183 562.0 660.0 603.0 734.0
scab 0.02607974 701.0 880.0 785.0 1058.0
scab 0.025680997999999997 714.0 461.0 756.0 535.0
scab 0.025533978 953.0 665.0 999.0 755.0
scab 0.025370136 1162.0 479.0 1210.0 566.0
scab 0.024390267 1513.0 602.0 1598.0 806.0
scab 0.02280605 1240.0 950.0 1289.0 1031.0
scab 0.022754546 1134.0 629.0 1279.0 865.0
scab 0.021947223999999998 1170.0 503.0 1255.0 647.0
scab 0.021710293 1165.0 572.0 1258.0 771.0
scab 0.021667767 1141.0 673.0 1190.0 760.0
scab 0.021572685 731.0 531.0 773.0 594.0
scab 0.02088313 1503.0 697.0 1552.0 767.0
scab 0.020552918 1457.0 422.0 1504.0 498.0
scab 0.020485625 1420.0 538.0 1503.0 694.0
scab 0.020315266999999998 861.0 873.0 910.0 950.0
scab 0.020168262 915.0 593.0 1007.0 745.0
scab 0.020117106000000003 1137.0 823.0 1181.0 902.0
scab 0.020030268 802.0 821.0 939.0 1103.0
scab 0.018919215 921.0 286.0 1087.0 539.0
scab 0.01879181 964.0 395.0 1011.0 483.0
scab 0.01851425 695.0 763.0 734.0 834.0
scab 0.018450372 661.0 659.0 749.0 809.0
scab 0.018062606000000002 519.0 340.0 559.0 414.0
scab 0.017635012 1052.0 672.0 1099.0 759.0
scab 0.017633416000000002 332.0 559.0 465.0 676.0
scab 0.017579406000000002 960.0 507.0 1041.0 640.0
scab 0.017531931 610.0 758.0 704.0 914.0
scab 0.017400524 1044.0 662.0 1119.0 810.0
scab 0.017070621 1426.0 630.0 1513.0 779.0
scab 0.016957171 282.0 826.0 370.0 991.0
scab 0.016926713 1053.0 587.0 1104.0 673.0
scab 0.016914058 673.0 389.0 712.0 451.0
scab 0.016892323 611.0 637.0 655.0 712.0
rust 0.016724858000000002 1295.0 615.0 1340.0 691.0
scab 0.016676437 245.0 718.0 289.0 792.0
scab 0.01666647 922.0 660.0 1006.0 818.0
scab 0.016579513 234.0 707.0 320.0 866.0
scab 0.016575638 351.0 560.0 399.0 657.0
scab 0.016426139 1256.0 595.0 1336.0 730.0
scab 0.016325615 356.0 733.0 398.0 822.0
scab 0.015943572 1164.0 688.0 1248.0 884.0
scab 0.015850183 274.0 741.0 369.0 924.0
scab 0.015757356 1398.0 363.0 1442.0 432.0
scab 0.01545669 1256.0 501.0 1336.0 646.0
scab 0.015415178 1642.0 616.0 1717.0 795.0
scab 0.015064412 410.0 905.0 461.0 987.0
scab 0.014963767 713.0 629.0 873.0 775.0
scab 0.014773453999999998 1489.0 778.0 1531.0 855.0
scab 0.0146558015 399.0 714.0 486.0 861.0
