rust 0.67950875 1397.0 400.0 1441.0 472.0
rust 0.6290646 1206.0 368.0 1258.0 434.0
rust 0.57646024 911.0 514.0 958.0 589.0
rust 0.554606 465.0 640.0 510.0 709.0
rust 0.5309673 928.0 860.0 981.0 920.0
rust 0.5211405 830.0 771.0 886.0 843.0
rust 0.51879925 1422.0 557.0 1468.0 630.0
rust 0.4772495 592.0 709.0 639.0 767.0
rust 0.44862244 588.0 567.0 642.0 638.0
rust 0.44022873 519.0 776.0 565.0 831.0
rust 0.4112353 1350.0 401.0 1397.0 459.0
rust 0.39959179999999994 1573.0 490.0 1617.0 558.0
scab 0.27384785 460.0 712.0 508.0 765.0
rust 0.27071676 1379.0 970.0 1411.0 1009.0
rust 0.18882917 1054.0 699.0 1092.0 761.0
rust 0.14453182 1355.0 760.0 1382.0 798.0
rust 0.12927891 553.0 735.0 580.0 771.0
scab 0.111406244 519.0 776.0 565.0 831.0
rust 0.09796953 1369.0 964.0 1399.0 1007.0
rust 0.08294384 460.0 712.0 508.0 765.0
rust 0.08186533 1362.0 966.0 1430.0 1014.0
scab 0.073365696 928.0 860.0 981.0 920.0
scab 0.07226622 592.0 709.0 639.0 767.0
scab 0.07167892 1054.0 699.0 1092.0 761.0
scab 0.063165456 553.0 735.0 580.0 771.0
scab 0.054858033 1566.0 968.0 1607.0 1020.0
rust 0.05477086 598.0 582.0 632.0 626.0
scab 0.05094715599999999 1123.0 567.0 1150.0 605.0
scab 0.04672042 1016.0 481.0 1043.0 521.0
scab 0.045883346 651.0 729.0 688.0 785.0
rust 0.0445218 1466.0 306.0 1494.0 344.0
rust 0.04300935 951.0 806.0 976.0 845.0
scab 0.03550669 1357.0 483.0 1400.0 554.0
scab 0.03352105 457.0 622.0 519.0 783.0
rust 0.030698087000000002 218.0 677.0 270.0 751.0
scab 0.030475821 1573.0 490.0 1617.0 558.0
scab 0.028399747000000003 984.0 480.0 1008.0 518.0
scab 0.026782047000000003 465.0 640.0 510.0 709.0
rust 0.02568033 1123.0 567.0 1150.0 605.0
scab 0.02512555 1379.0 970.0 1411.0 1009.0
scab 0.023198247 588.0 567.0 642.0 638.0
scab 0.02204031 1369.0 964.0 1399.0 1007.0
scab 0.019318456 1162.0 519.0 1208.0 570.0
scab 0.01907624 347.0 676.0 392.0 744.0
rust 0.019071723999999998 984.0 480.0 1008.0 518.0
scab 0.018306086000000003 951.0 806.0 976.0 845.0
rust 0.016798114 941.0 803.0 967.0 843.0
scab 0.016656863 978.0 474.0 1049.0 528.0
scab 0.015486696000000001 1362.0 966.0 1430.0 1014.0
scab 0.015175576000000001 1355.0 760.0 1382.0 798.0
rust 0.014730321999999999 1459.0 298.0 1501.0 355.0
rust 0.014695979 419.0 820.0 447.0 861.0
scab 0.01435508 1001.0 481.0 1028.0 520.0
scab 0.014198076 831.0 774.0 885.0 851.0
scab 0.013910356 966.0 703.0 1012.0 769.0
rust 0.01323382 1443.0 405.0 1482.0 473.0
scab 0.012754771000000002 581.0 799.0 662.0 941.0
scab 0.012493438999999999 941.0 803.0 967.0 843.0
rust 0.012373947 1357.0 483.0 1400.0 554.0
scab 0.012055406000000001 801.0 503.0 844.0 586.0
scab 0.012000803999999999 1206.0 368.0 1258.0 434.0
scab 0.011805211000000001 416.0 730.0 452.0 790.0
rust 0.011733101000000001 1112.0 689.0 1138.0 729.0
rust 0.011635843 457.0 622.0 519.0 783.0
rust 0.011554268000000001 1425.0 580.0 1462.0 621.0
scab 0.010333601 780.0 554.0 819.0 618.0
rust 0.010206182 841.0 745.0 892.0 897.0
rust 0.010042991 1336.0 400.0 1465.0 467.0
scab 0.010028531 833.0 711.0 899.0 887.0
