scab 0.3346038 1122.0 614.0 1212.0 784.0
scab 0.30335018 644.0 1042.0 745.0 1222.0
scab 0.28878343 924.0 414.0 1020.0 573.0
scab 0.27124697 1600.0 523.0 1696.0 707.0
scab 0.27041190000000004 1203.0 708.0 1295.0 881.0
scab 0.24232057 1384.0 800.0 1476.0 955.0
scab 0.23377755 1514.0 657.0 1603.0 844.0
scab 0.22277017 271.0 749.0 353.0 886.0
scab 0.21261261 224.0 891.0 326.0 1029.0
scab 0.1988802 1380.0 493.0 1476.0 647.0
scab 0.17920162 486.0 758.0 580.0 912.0
scab 0.17232952 675.0 295.0 754.0 448.0
scab 0.16146797 565.0 919.0 662.0 1093.0
scab 0.13735133 407.0 1053.0 494.0 1215.0
scab 0.12806232 666.0 583.0 745.0 734.0
scab 0.11947205 790.0 750.0 882.0 908.0
scab 0.10595623 1247.0 652.0 1294.0 735.0
scab 0.10565638 1048.0 579.0 1134.0 728.0
scab 0.104219295 950.0 588.0 1040.0 737.0
scab 0.10377265 1081.0 837.0 1167.0 984.0
scab 0.098380305 1299.0 507.0 1388.0 645.0
scab 0.09599880000000001 358.0 923.0 441.0 1072.0
scab 0.08868757 1215.0 623.0 1304.0 778.0
scab 0.07417742 435.0 636.0 480.0 702.0
scab 0.07400322 826.0 995.0 919.0 1184.0
scab 0.07350301 1170.0 535.0 1259.0 698.0
scab 0.07022671400000001 824.0 507.0 913.0 654.0
scab 0.069880545 910.0 289.0 992.0 441.0
scab 0.06917705 823.0 757.0 916.0 904.0
scab 0.06672568599999999 1213.0 375.0 1294.0 529.0
rust 0.06439965 1594.0 731.0 1623.0 775.0
scab 0.06245722 263.0 883.0 365.0 1027.0
scab 0.06242868 1102.0 861.0 1148.0 947.0
scab 0.05946881 1340.0 501.0 1441.0 644.0
scab 0.0591534 1082.0 582.0 1180.0 742.0
scab 0.058758862 284.0 766.0 338.0 843.0
scab 0.05839294 1040.0 755.0 1130.0 904.0
scab 0.056856774000000006 314.0 873.0 413.0 1038.0
scab 0.056537528 1733.0 751.0 1816.0 912.0
scab 0.05419862 310.0 1065.0 351.0 1134.0
scab 0.054115925 306.0 651.0 352.0 726.0
scab 0.052288565999999995 1130.0 530.0 1223.0 715.0
scab 0.05149205 1648.0 124.0 1712.0 255.0
scab 0.051167347 1470.0 461.0 1564.0 606.0
scab 0.049104102000000004 1212.0 544.0 1303.0 692.0
scab 0.047744225999999994 744.0 592.0 832.0 738.0
scab 0.045478903 224.0 927.0 273.0 1014.0
scab 0.044761166 352.0 839.0 445.0 996.0
scab 0.044731814 793.0 302.0 843.0 367.0
scab 0.044476375 954.0 994.0 1051.0 1175.0
scab 0.04315674 1096.0 541.0 1244.0 793.0
scab 0.042790774000000004 163.0 729.0 240.0 788.0
scab 0.042779725 1520.0 477.0 1570.0 559.0
scab 0.042649005 446.0 794.0 539.0 936.0
scab 0.042550553 1599.0 413.0 1686.0 564.0
scab 0.03971548 1053.0 512.0 1096.0 576.0
scab 0.039218895 793.0 287.0 870.0 431.0
scab 0.03920004 435.0 831.0 521.0 894.0
scab 0.038519327 241.0 783.0 334.0 852.0
scab 0.03846174 784.0 835.0 870.0 994.0
scab 0.037852053 915.0 836.0 1003.0 984.0
scab 0.03706068 1641.0 884.0 1723.0 1031.0
scab 0.036213625 1263.0 514.0 1351.0 652.0
scab 0.0361283 613.0 674.0 699.0 816.0
scab 0.035795916000000004 402.0 766.0 491.0 908.0
scab 0.03570156 1415.0 844.0 1466.0 926.0
scab 0.03403576 699.0 617.0 791.0 785.0
scab 0.03361091 308.0 895.0 353.0 966.0
scab 0.03297631 1347.0 796.0 1440.0 953.0
scab 0.032872077 1425.0 467.0 1514.0 615.0
scab 0.032207094 369.0 950.0 415.0 1032.0
scab 0.031732988 1337.0 328.0 1425.0 495.0
scab 0.031657998 1184.0 545.0 1230.0 625.0
scab 0.030741942999999997 953.0 828.0 997.0 905.0
scab 0.030726287999999997 1071.0 590.0 1120.0 673.0
scab 0.03009467 618.0 994.0 707.0 1192.0
scab 0.03004711 392.0 855.0 433.0 922.0
scab 0.029970404 1331.0 529.0 1381.0 604.0
scab 0.02975085 1311.0 158.0 1378.0 313.0
scab 0.029324729 1258.0 281.0 1337.0 441.0
scab 0.02929687 1548.0 702.0 1641.0 865.0
scab 0.028455893 486.0 1073.0 574.0 1278.0
scab 0.028246282 577.0 666.0 665.0 820.0
scab 0.027699927000000003 970.0 631.0 1020.0 710.0
scab 0.027579403 479.0 812.0 525.0 880.0
scab 0.02733452 915.0 620.0 1006.0 773.0
scab 0.026659033999999998 836.0 1077.0 885.0 1155.0
scab 0.026625982000000003 1307.0 371.0 1392.0 507.0
scab 0.026608005 1078.0 753.0 1172.0 914.0
scab 0.026264258 244.0 915.0 291.0 990.0
scab 0.02601155 790.0 1043.0 881.0 1218.0
scab 0.025811965 272.0 1033.0 364.0 1226.0
scab 0.025771732000000002 1005.0 762.0 1092.0 906.0
scab 0.025036838 1015.0 399.0 1062.0 470.0
scab 0.024604736000000002 1373.0 84.0 1421.0 156.0
scab 0.024491347000000004 1289.0 547.0 1338.0 629.0
scab 0.023630373 1438.0 506.0 1486.0 585.0
scab 0.023595707 515.0 951.0 652.0 1055.0
scab 0.023394138 915.0 1008.0 1006.0 1167.0
scab 0.023162534 952.0 368.0 1044.0 549.0
scab 0.023147592 1592.0 722.0 1626.0 789.0
scab 0.023034645 1397.0 509.0 1444.0 583.0
scab 0.02264868 1086.0 372.0 1166.0 528.0
scab 0.02253729 883.0 320.0 1035.0 589.0
scab 0.022153957000000002 1078.0 913.0 1117.0 980.0
scab 0.021763384 420.0 780.0 571.0 892.0
scab 0.021113528 1357.0 361.0 1395.0 429.0
scab 0.020832816 252.0 775.0 293.0 860.0
scab 0.020695735 1128.0 508.0 1294.0 741.0
scab 0.020491913 368.0 760.0 452.0 909.0
scab 0.020156331 676.0 597.0 816.0 722.0
scab 0.019959675 877.0 317.0 963.0 479.0
scab 0.019931251 408.0 585.0 490.0 737.0
scab 0.019831073 1115.0 610.0 1306.0 892.0
scab 0.01980913 580.0 956.0 737.0 1232.0
scab 0.019605758 541.0 955.0 624.0 1115.0
scab 0.019305403999999998 708.0 302.0 759.0 401.0
scab 0.019072123 886.0 780.0 930.0 860.0
scab 0.018916981 352.0 875.0 396.0 940.0
scab 0.018868621000000002 193.0 920.0 283.0 1057.0
scab 0.018853249 865.0 1005.0 960.0 1166.0
scab 0.018634448 626.0 695.0 673.0 781.0
scab 0.018512588 670.0 584.0 713.0 676.0
scab 0.018258806000000002 1146.0 803.0 1187.0 885.0
scab 0.018227953 1613.0 440.0 1659.0 521.0
scab 0.017882258 442.0 650.0 471.0 694.0
scab 0.017497309 262.0 914.0 353.0 981.0
scab 0.017484206999999998 880.0 617.0 921.0 678.0
scab 0.017079781999999998 1050.0 372.0 1135.0 525.0
scab 0.01697455 952.0 803.0 1044.0 950.0
scab 0.016636662 1737.0 454.0 1811.0 604.0
scab 0.016606757 133.0 980.0 182.0 1051.0
scab 0.01656514 575.0 842.0 653.0 996.0
scab 0.016527794 854.0 314.0 996.0 413.0
scab 0.016483065 866.0 756.0 955.0 908.0
scab 0.01591926 527.0 720.0 616.0 871.0
scab 0.01585568 792.0 530.0 882.0 702.0
scab 0.015727483 1143.0 619.0 1282.0 772.0
scab 0.015664984 536.0 633.0 620.0 769.0
scab 0.015663655 448.0 930.0 530.0 1070.0
scab 0.015596158999999998 207.0 743.0 366.0 853.0
scab 0.015545995 1519.0 730.0 1598.0 916.0
scab 0.015430099 1079.0 778.0 1123.0 863.0
scab 0.015356665 1636.0 570.0 1722.0 734.0
scab 0.014907122 191.0 1017.0 281.0 1168.0
scab 0.014674503 565.0 766.0 611.0 836.0
scab 0.014369155 1115.0 852.0 1160.0 927.0
scab 0.014219734 158.0 887.0 245.0 1043.0
scab 0.014026023 927.0 655.0 972.0 733.0
scab 0.013762588999999999 1476.0 544.0 1554.0 685.0
