scab 0.4811286 1471.0 701.0 1560.0 860.0
scab 0.41017359999999997 580.0 805.0 658.0 950.0
scab 0.25730598 1125.0 585.0 1206.0 735.0
scab 0.20901921 1013.0 800.0 1099.0 941.0
scab 0.1920297 1896.0 188.0 1968.0 358.0
scab 0.18718964 1088.0 832.0 1171.0 980.0
scab 0.17496248 611.0 684.0 661.0 755.0
scab 0.13575742 403.0 457.0 483.0 613.0
scab 0.12071621 883.0 665.0 969.0 805.0
scab 0.09883934 781.0 659.0 825.0 728.0
scab 0.09759071 1379.0 999.0 1415.0 1060.0
scab 0.090233505 582.0 634.0 667.0 788.0
scab 0.081935115 1251.0 1039.0 1296.0 1110.0
scab 0.07816901 903.0 685.0 961.0 778.0
scab 0.07568414 694.0 785.0 735.0 852.0
scab 0.07366865 600.0 834.0 655.0 903.0
scab 0.06410797 1444.0 959.0 1481.0 1017.0
scab 0.05113456 1355.0 869.0 1401.0 941.0
scab 0.049433805 1209.0 870.0 1294.0 1039.0
scab 0.047615208 417.0 506.0 467.0 580.0
scab 0.046852055999999996 1296.0 748.0 1338.0 817.0
scab 0.045921206 757.0 293.0 830.0 426.0
scab 0.04548849 1383.0 800.0 1424.0 876.0
scab 0.041655734 542.0 491.0 585.0 552.0
scab 0.040079072 1820.0 378.0 1867.0 449.0
scab 0.039645646 866.0 571.0 909.0 642.0
scab 0.03934099 1133.0 623.0 1188.0 715.0
scab 0.03908552 1855.0 169.0 2017.0 393.0
scab 0.037485372 1988.0 306.0 2048.0 500.0
scab 0.035299186 446.0 623.0 534.0 781.0
scab 0.032918293 928.0 1078.0 956.0 1118.0
rust 0.032103684 1554.0 818.0 1580.0 857.0
scab 0.03201363 1996.0 153.0 2048.0 309.0
scab 0.029973185 756.0 561.0 807.0 645.0
rust 0.028561048 1471.0 701.0 1560.0 860.0
scab 0.028414816000000002 586.0 837.0 640.0 925.0
rust 0.028219922 756.0 561.0 807.0 645.0
scab 0.024662925 920.0 688.0 972.0 754.0
scab 0.024562825 688.0 673.0 734.0 749.0
scab 0.02448023 701.0 791.0 779.0 946.0
scab 0.024056181 1427.0 992.0 1450.0 1030.0
rust 0.023204133 515.0 297.0 563.0 356.0
scab 0.023011146 1344.0 845.0 1419.0 980.0
rust 0.02162949 525.0 307.0 555.0 344.0
scab 0.021553164 667.0 769.0 752.0 904.0
scab 0.020899456 1924.0 291.0 1969.0 364.0
scab 0.02010829 1888.0 215.0 1938.0 316.0
scab 0.019988261 1801.0 324.0 1887.0 485.0
scab 0.019528091 1389.0 949.0 1414.0 986.0
scab 0.01906174 820.0 1035.0 864.0 1110.0
scab 0.018925278 794.0 797.0 875.0 950.0
rust 0.01830833 611.0 684.0 661.0 755.0
scab 0.018280156000000002 555.0 661.0 694.0 756.0
scab 0.018236749 1770.0 267.0 1857.0 458.0
scab 0.017779816 754.0 308.0 801.0 390.0
scab 0.01766915 1446.0 778.0 1483.0 863.0
scab 0.017302748 1954.0 151.0 2022.0 318.0
scab 0.016417686 1381.0 573.0 1422.0 640.0
scab 0.016285524 486.0 750.0 564.0 910.0
scab 0.016103884 1370.0 876.0 1422.0 936.0
scab 0.015659275 1000.0 539.0 1077.0 688.0
scab 0.015611066000000002 1904.0 201.0 1953.0 295.0
scab 0.015567155 1898.0 269.0 1974.0 446.0
scab 0.015511711000000001 1017.0 567.0 1061.0 644.0
scab 0.015500118 1223.0 930.0 1265.0 1011.0
scab 0.015391551000000002 733.0 831.0 773.0 898.0
scab 0.014219958999999999 780.0 485.0 818.0 554.0
scab 0.013900873999999999 960.0 541.0 987.0 582.0
scab 0.013875257 1804.0 294.0 1847.0 365.0
scab 0.013548167 893.0 295.0 959.0 424.0
scab 0.013368765 1305.0 758.0 1350.0 834.0
scab 0.013273159 1297.0 714.0 1379.0 855.0
scab 0.013066852 613.0 664.0 694.0 803.0
scab 0.013051662 754.0 535.0 819.0 686.0
scab 0.012866213999999999 438.0 467.0 479.0 535.0
scab 0.012631556 1412.0 734.0 1558.0 832.0
scab 0.012538066 1554.0 818.0 1580.0 857.0
scab 0.012354118999999998 386.0 488.0 506.0 576.0
scab 0.011905746000000002 654.0 628.0 742.0 779.0
scab 0.011714595 748.0 634.0 832.0 776.0
scab 0.011669653500000002 1052.0 817.0 1142.0 987.0
scab 0.011590198999999999 1393.0 880.0 1432.0 934.0
scab 0.01141039 1887.0 126.0 2048.0 345.0
rust 0.011005673 1383.0 1006.0 1413.0 1050.0
scab 0.010926741 712.0 941.0 750.0 1000.0
rust 0.010707208000000001 1427.0 992.0 1450.0 1030.0
scab 0.010551396000000001 1050.0 823.0 1099.0 906.0
scab 0.010535608 1912.0 371.0 1954.0 456.0
scab 0.010438734 1398.0 658.0 1440.0 734.0
scab 0.010289972 1867.0 224.0 1946.0 397.0
scab 0.0100672245 1177.0 920.0 1257.0 1069.0
