scab 0.602409 966.0 291.0 1065.0 432.0
scab 0.448633 1118.0 410.0 1220.0 585.0
scab 0.36519778 1002.0 424.0 1089.0 559.0
scab 0.2748178 740.0 419.0 825.0 578.0
scab 0.2650726 1222.0 496.0 1309.0 641.0
scab 0.26189843 1268.0 341.0 1318.0 412.0
scab 0.26164877 907.0 421.0 996.0 560.0
scab 0.18081 1600.0 534.0 1688.0 700.0
scab 0.16310316 925.0 444.0 973.0 525.0
scab 0.14807148 580.0 448.0 677.0 596.0
scab 0.1130256 320.0 499.0 401.0 660.0
scab 0.10175212 1263.0 319.0 1339.0 481.0
scab 0.100810274 968.0 213.0 1018.0 289.0
scab 0.08556037 1299.0 371.0 1373.0 526.0
scab 0.07777485 243.0 424.0 291.0 501.0
scab 0.07240017 1629.0 568.0 1681.0 647.0
scab 0.06941727 622.0 456.0 671.0 545.0
scab 0.067509905 1484.0 281.0 1526.0 378.0
scab 0.06675199 1550.0 381.0 1592.0 455.0
scab 0.058305245 1336.0 567.0 1383.0 645.0
scab 0.051019747000000004 519.0 506.0 563.0 575.0
scab 0.04682945 1434.0 550.0 1513.0 693.0
scab 0.045169108 1014.0 443.0 1063.0 525.0
scab 0.044012554 1312.0 415.0 1357.0 498.0
scab 0.037703555 1159.0 443.0 1256.0 617.0
scab 0.037228167 1686.0 535.0 1771.0 716.0
rust 0.035952166 887.0 348.0 912.0 387.0
scab 0.035669267000000004 750.0 452.0 798.0 547.0
scab 0.034701052999999996 404.0 457.0 482.0 616.0
scab 0.03283048 1725.0 518.0 1804.0 730.0
scab 0.032254074 343.0 523.0 397.0 601.0
rust 0.030962382000000004 966.0 291.0 1065.0 432.0
rust 0.029926986000000003 1268.0 341.0 1318.0 412.0
rust 0.028685502999999998 469.0 209.0 497.0 244.0
scab 0.027828417999999997 1241.0 512.0 1295.0 614.0
scab 0.026992854 1417.0 507.0 1459.0 575.0
scab 0.025825541 1629.0 533.0 1725.0 709.0
scab 0.023471102 1386.0 676.0 1464.0 839.0
scab 0.02170022 1442.0 593.0 1490.0 664.0
scab 0.018965473 951.0 426.0 1061.0 563.0
scab 0.018790836 960.0 393.0 985.0 429.0
scab 0.018510029 1339.0 542.0 1415.0 685.0
scab 0.017835975 819.0 501.0 860.0 583.0
scab 0.017752042 714.0 447.0 804.0 601.0
scab 0.01647181 680.0 445.0 835.0 545.0
scab 0.015297225 1033.0 418.0 1132.0 564.0
scab 0.014741861 984.0 228.0 1027.0 298.0
scab 0.014619931999999999 752.0 504.0 797.0 580.0
scab 0.014194333 547.0 475.0 587.0 535.0
scab 0.013913153999999999 1091.0 380.0 1176.0 542.0
scab 0.01324239 742.0 445.0 784.0 521.0
scab 0.013147178 526.0 520.0 556.0 563.0
scab 0.012813649 300.0 532.0 427.0 623.0
scab 0.012492393999999999 1378.0 725.0 1463.0 795.0
scab 0.012038779 307.0 593.0 395.0 658.0
scab 0.011784543 1184.0 293.0 1226.0 371.0
scab 0.011232822 606.0 475.0 657.0 566.0
scab 0.011228299999999998 1028.0 454.0 1078.0 543.0
scab 0.011174904 1350.0 555.0 1396.0 628.0
scab 0.011149431000000001 954.0 385.0 991.0 440.0
scab 0.011059081 1033.0 291.0 1076.0 375.0
scab 0.010938304499999999 879.0 346.0 905.0 386.0
scab 0.010881221000000002 1293.0 504.0 1389.0 665.0
scab 0.010868815 932.0 293.0 1013.0 428.0
scab 0.010379632 968.0 192.0 1024.0 351.0
scab 0.010255128 932.0 421.0 956.0 458.0
scab 0.010235236 995.0 350.0 1038.0 432.0
scab 0.010060244 962.0 266.0 1106.0 543.0
rust 0.010051281 960.0 393.0 985.0 429.0
