scab 0.21899885 1138.0 768.0 1193.0 837.0
scab 0.20826004 316.0 618.0 412.0 784.0
scab 0.17667085 930.0 923.0 976.0 981.0
scab 0.12861845 990.0 740.0 1038.0 813.0
scab 0.12560084 1131.0 727.0 1205.0 871.0
scab 0.117764585 913.0 688.0 1005.0 825.0
scab 0.11419334 1000.0 720.0 1092.0 858.0
scab 0.10076468 796.0 698.0 847.0 769.0
scab 0.08216355 790.0 673.0 875.0 808.0
scab 0.08104348 352.0 563.0 445.0 764.0
scab 0.07297418 873.0 684.0 966.0 821.0
scab 0.06757254 958.0 709.0 1050.0 849.0
scab 0.063374065 930.0 720.0 978.0 799.0
scab 0.0612549 879.0 719.0 925.0 795.0
scab 0.05548346 827.0 678.0 918.0 818.0
scab 0.042067003 395.0 522.0 483.0 705.0
scab 0.035100937 1036.0 720.0 1120.0 867.0
scab 0.032505214 394.0 532.0 441.0 607.0
scab 0.031945076 777.0 695.0 828.0 767.0
scab 0.029549952999999997 1082.0 369.0 1169.0 537.0
scab 0.027868347 1009.0 751.0 1099.0 815.0
scab 0.027698025 774.0 809.0 824.0 884.0
scab 0.027129142000000002 1157.0 271.0 1204.0 340.0
scab 0.02625612 267.0 654.0 363.0 827.0
scab 0.024747461000000002 237.0 673.0 325.0 833.0
scab 0.024477676 1434.0 545.0 1498.0 700.0
scab 0.023345955 373.0 507.0 453.0 659.0
scab 0.021465478 1056.0 807.0 1094.0 872.0
scab 0.02091913 1709.0 220.0 1761.0 304.0
scab 0.020550903 1049.0 752.0 1097.0 845.0
scab 0.017470555 1314.0 870.0 1353.0 949.0
rust 0.017213507 930.0 923.0 976.0 981.0
scab 0.01620232 350.0 653.0 400.0 737.0
scab 0.016086057 941.0 744.0 1042.0 809.0
scab 0.016041063 945.0 707.0 994.0 776.0
scab 0.015084327 459.0 108.0 527.0 282.0
scab 0.014507458999999999 909.0 742.0 991.0 805.0
scab 0.013458641 808.0 714.0 837.0 760.0
rust 0.013194794 1138.0 768.0 1193.0 837.0
scab 0.012865463 392.0 611.0 437.0 690.0
scab 0.012839955 754.0 671.0 839.0 808.0
scab 0.011682632 762.0 696.0 805.0 768.0
scab 0.011665163000000001 1000.0 756.0 1030.0 804.0
scab 0.01071947 1055.0 395.0 1204.0 504.0
scab 0.010666323 1602.0 305.0 1679.0 493.0
scab 0.010555955 758.0 780.0 800.0 864.0
scab 0.010195715 1233.0 840.0 1260.0 880.0
scab 0.010085661 1947.0 211.0 2017.0 352.0
