scab 0.31774566 1357.0 877.0 1402.0 940.0
scab 0.18478684 672.0 800.0 723.0 878.0
scab 0.16546871 844.0 533.0 932.0 714.0
scab 0.12198419 733.0 513.0 822.0 726.0
rust 0.10918393 1357.0 877.0 1402.0 940.0
scab 0.078015454 833.0 697.0 904.0 866.0
scab 0.058574323 759.0 709.0 829.0 857.0
rust 0.05428048 706.0 507.0 796.0 726.0
rust 0.052430525 865.0 526.0 944.0 728.0
scab 0.05210053 527.0 812.0 571.0 882.0
scab 0.050157618 704.0 466.0 791.0 696.0
scab 0.04484178 962.0 449.0 1008.0 514.0
scab 0.03754563 1385.0 874.0 1462.0 1047.0
scab 0.036292832000000004 1217.0 281.0 1267.0 348.0
rust 0.03517406 668.0 443.0 830.0 715.0
scab 0.03410719 749.0 453.0 826.0 628.0
rust 0.03404374 527.0 812.0 571.0 882.0
scab 0.028289527000000002 1199.0 1003.0 1246.0 1069.0
scab 0.02687527 759.0 716.0 911.0 843.0
scab 0.024339586 861.0 465.0 900.0 540.0
scab 0.024114842 797.0 448.0 948.0 714.0
scab 0.02408393 832.0 454.0 906.0 614.0
scab 0.023678947000000002 354.0 791.0 401.0 858.0
scab 0.023658542 1224.0 848.0 1268.0 921.0
scab 0.021456327 791.0 460.0 872.0 611.0
scab 0.021263697999999998 924.0 422.0 1005.0 561.0
scab 0.018772341 716.0 559.0 791.0 740.0
scab 0.018699288 677.0 513.0 826.0 650.0
rust 0.017197352 833.0 697.0 904.0 866.0
scab 0.015352635 774.0 590.0 817.0 666.0
scab 0.015199892 681.0 818.0 713.0 865.0
rust 0.015009098 672.0 800.0 723.0 878.0
scab 0.014600755 1358.0 771.0 1396.0 834.0
rust 0.014229947 1108.0 733.0 1135.0 771.0
scab 0.013128553999999999 1352.0 845.0 1428.0 992.0
scab 0.012260968999999998 742.0 537.0 927.0 695.0
scab 0.012216151000000001 708.0 399.0 866.0 677.0
scab 0.011951938 858.0 743.0 911.0 823.0
scab 0.0110810725 710.0 534.0 855.0 784.0
scab 0.011021236 197.0 753.0 268.0 921.0
scab 0.010470085 1108.0 733.0 1135.0 771.0
scab 0.0103835175 656.0 763.0 729.0 911.0
rust 0.010204264000000001 875.0 842.0 901.0 883.0
rust 0.010095982 759.0 709.0 829.0 857.0
scab 0.010022988 716.0 483.0 866.0 594.0
