rust 0.7741213 818.0 746.0 869.0 811.0
rust 0.7246998 1205.0 621.0 1258.0 687.0
rust 0.69357425 928.0 525.0 972.0 597.0
rust 0.61250204 890.0 754.0 937.0 817.0
rust 0.41678009999999993 1530.0 797.0 1578.0 861.0
rust 0.4026133 1104.0 367.0 1133.0 409.0
rust 0.3377019 1752.0 795.0 1800.0 852.0
rust 0.31187478 979.0 696.0 1008.0 736.0
scab 0.17936218 1752.0 795.0 1800.0 852.0
rust 0.16313629999999998 635.0 648.0 678.0 707.0
scab 0.09900199999999999 635.0 648.0 678.0 707.0
scab 0.042753994000000003 979.0 696.0 1008.0 736.0
rust 0.0192952 269.0 548.0 319.0 624.0
scab 0.018435728000000002 928.0 525.0 972.0 597.0
scab 0.016463993 818.0 746.0 869.0 811.0
scab 0.016362568 1530.0 797.0 1578.0 861.0
scab 0.016091865 1205.0 621.0 1258.0 687.0
scab 0.015083913000000001 862.0 509.0 905.0 579.0
