rust 0.61707854 1200.0 742.0 1257.0 905.0
rust 0.3074617 770.0 290.0 841.0 454.0
rust 0.30653858 1660.0 316.0 1719.0 377.0
rust 0.25228164 1693.0 532.0 1735.0 585.0
rust 0.23620099 1773.0 803.0 1802.0 842.0
scab 0.117526665 1250.0 431.0 1293.0 488.0
rust 0.09936958 1482.0 218.0 1565.0 277.0
scab 0.08631749 1660.0 316.0 1719.0 377.0
scab 0.07789969 1166.0 940.0 1207.0 1008.0
scab 0.070098825 1693.0 532.0 1735.0 585.0
rust 0.0535264 745.0 305.0 892.0 438.0
scab 0.04754085 1700.0 597.0 1740.0 653.0
scab 0.0368443 1481.0 170.0 1547.0 319.0
rust 0.034696177 1481.0 170.0 1547.0 319.0
rust 0.032567658 1668.0 325.0 1699.0 372.0
rust 0.03230483 1163.0 792.0 1286.0 864.0
rust 0.031637948 1124.0 927.0 1148.0 963.0
scab 0.029581292999999998 1482.0 218.0 1565.0 277.0
scab 0.028516387999999997 887.0 590.0 927.0 658.0
scab 0.025723057 1200.0 742.0 1257.0 905.0
scab 0.023446888 770.0 290.0 841.0 454.0
scab 0.01790861 1124.0 927.0 1148.0 963.0
scab 0.016389906 1137.0 923.0 1212.0 1067.0
rust 0.016033225 759.0 333.0 847.0 414.0
rust 0.016016146000000002 1017.0 656.0 1046.0 697.0
scab 0.012150901 1773.0 803.0 1802.0 842.0
scab 0.012140493 1668.0 325.0 1699.0 372.0
