rust 0.7131134 720.0 763.0 762.0 835.0
rust 0.6594101 947.0 537.0 990.0 596.0
rust 0.57715017 1500.0 397.0 1542.0 476.0
rust 0.4977034000000001 1433.0 552.0 1475.0 620.0
rust 0.4680179 839.0 583.0 888.0 648.0
rust 0.42754346 740.0 435.0 772.0 473.0
rust 0.3754165 580.0 554.0 628.0 607.0
rust 0.3650409 1824.0 1180.0 1876.0 1264.0
rust 0.33309212 1217.0 478.0 1252.0 523.0
rust 0.28767347 1569.0 335.0 1615.0 451.0
rust 0.2787889 744.0 515.0 780.0 558.0
rust 0.14107601 26.0 998.0 79.0 1066.0
rust 0.10623102 1532.0 493.0 1568.0 559.0
rust 0.08390552 228.0 756.0 261.0 793.0
scab 0.05778676 693.0 952.0 741.0 1022.0
scab 0.044209785999999994 633.0 655.0 678.0 732.0
rust 0.03927539 1541.0 502.0 1584.0 592.0
rust 0.03908356 769.0 482.0 799.0 513.0
scab 0.022815172999999998 1217.0 478.0 1252.0 523.0
scab 0.022767982000000003 329.0 928.0 406.0 1062.0
scab 0.022022072 772.0 467.0 821.0 527.0
scab 0.020804733 440.0 832.0 488.0 904.0
rust 0.020517785 725.0 435.0 791.0 478.0
rust 0.01993612 35.0 1013.0 74.0 1050.0
scab 0.018941408 720.0 763.0 762.0 835.0
rust 0.017690053 1840.0 190.0 1900.0 257.0
scab 0.017054023 839.0 584.0 886.0 659.0
rust 0.016672261 1555.0 537.0 1583.0 581.0
scab 0.01582478 740.0 435.0 772.0 473.0
scab 0.014476191999999999 769.0 482.0 799.0 513.0
scab 0.013438828 1563.0 925.0 1641.0 1088.0
scab 0.012217598 402.0 883.0 488.0 1033.0
rust 0.011905637 1829.0 1200.0 1869.0 1247.0
rust 0.01186316 1576.0 330.0 1615.0 391.0
scab 0.01148296 464.0 952.0 507.0 1031.0
scab 0.011305556999999999 417.0 910.0 461.0 986.0
scab 0.011102863999999999 781.0 479.0 811.0 514.0
scab 0.010142286 701.0 966.0 733.0 1011.0
scab 0.010045175 741.0 511.0 779.0 565.0
