rust 0.718248 917.0 642.0 1004.0 850.0
scab 0.258276 1588.0 910.0 1677.0 1087.0
rust 0.19092365 729.0 844.0 778.0 913.0
scab 0.18495022 1684.0 791.0 1753.0 961.0
rust 0.16445695 1863.0 776.0 1910.0 855.0
rust 0.15267049 1879.0 0.0 1930.0 70.0
rust 0.12031435 896.0 649.0 967.0 821.0
scab 0.11219304 729.0 844.0 778.0 913.0
scab 0.06726117 1485.0 1003.0 1528.0 1067.0
scab 0.03898561 1691.0 840.0 1743.0 931.0
rust 0.033504136000000004 1650.0 1235.0 1699.0 1314.0
rust 0.02589204 1588.0 910.0 1677.0 1087.0
scab 0.025286613 1863.0 910.0 1926.0 1088.0
rust 0.02498445 855.0 680.0 1009.0 796.0
rust 0.02216141 1863.0 910.0 1926.0 1088.0
rust 0.021046724 738.0 860.0 770.0 901.0
scab 0.02084945 1863.0 776.0 1910.0 855.0
rust 0.020602701 1684.0 791.0 1753.0 961.0
scab 0.018619671 1544.0 954.0 1681.0 1049.0
rust 0.016161362 1138.0 84.0 1190.0 157.0
scab 0.015802827 1778.0 899.0 1845.0 1104.0
scab 0.014061351000000001 917.0 642.0 1004.0 850.0
rust 0.012631196 1888.0 13.0 1924.0 49.0
rust 0.012042418999999999 1868.0 795.0 1903.0 837.0
scab 0.011801156 896.0 649.0 967.0 821.0
scab 0.011565622 1626.0 933.0 1674.0 1014.0
rust 0.011347828 1485.0 1003.0 1528.0 1067.0
rust 0.010920941000000002 657.0 885.0 684.0 922.0
rust 0.0103532225 180.0 845.0 220.0 925.0
rust 0.01003499 1468.0 1110.0 1508.0 1176.0
