rust 0.49707070000000003 1213.0 1165.0 1246.0 1207.0
rust 0.47393959999999996 1463.0 753.0 1494.0 795.0
rust 0.34134352 1465.0 634.0 1493.0 676.0
rust 0.27006656 54.0 423.0 101.0 507.0
rust 0.24475932 554.0 866.0 579.0 905.0
rust 0.16371217 1218.0 1062.0 1251.0 1106.0
rust 0.093716875 734.0 444.0 776.0 504.0
scab 0.08556367 625.0 376.0 670.0 455.0
rust 0.07558448599999999 1517.0 168.0 1566.0 241.0
rust 0.05509722 1702.0 263.0 1731.0 299.0
rust 0.05231335 1468.0 396.0 1511.0 475.0
rust 0.051932264000000006 1748.0 10.0 1805.0 96.0
scab 0.048228767 360.0 745.0 446.0 909.0
rust 0.046208274 291.0 309.0 316.0 346.0
rust 0.040957414 1816.0 258.0 1864.0 315.0
scab 0.038196076 1828.0 329.0 1874.0 422.0
scab 0.030311637000000002 447.0 653.0 533.0 828.0
rust 0.02966728 23.0 114.0 90.0 282.0
rust 0.02843303 668.0 503.0 726.0 586.0
rust 0.028275145 1453.0 63.0 1503.0 122.0
scab 0.028229577000000002 1748.0 10.0 1805.0 96.0
rust 0.027755735 1826.0 268.0 1857.0 303.0
scab 0.02606294 1819.0 563.0 1896.0 764.0
rust 0.025534783999999998 625.0 376.0 670.0 455.0
scab 0.02467477 277.0 831.0 349.0 1014.0
scab 0.024315882 1390.0 877.0 1475.0 1040.0
rust 0.023610622 1355.0 97.0 1385.0 131.0
scab 0.023509962000000002 1823.0 409.0 1894.0 578.0
scab 0.021954734 1213.0 1165.0 1246.0 1207.0
scab 0.021561386000000002 73.0 616.0 118.0 680.0
rust 0.021503055 1464.0 75.0 1494.0 108.0
scab 0.020871226 947.0 358.0 989.0 430.0
scab 0.02076931 554.0 866.0 579.0 905.0
scab 0.020293124 1643.0 1001.0 1719.0 1166.0
scab 0.019594063999999998 1468.0 396.0 1511.0 475.0
scab 0.018682871 1823.0 644.0 1873.0 734.0
scab 0.018079186 1420.0 860.0 1510.0 1060.0
scab 0.017116884 1463.0 753.0 1494.0 795.0
scab 0.016606548999999998 1518.0 867.0 1603.0 1060.0
rust 0.015979026 123.0 674.0 153.0 710.0
rust 0.015745835 1285.0 29.0 1336.0 115.0
scab 0.014738682 1554.0 912.0 1633.0 1087.0
scab 0.014462262 81.0 629.0 112.0 665.0
scab 0.014057682 1942.0 686.0 2033.0 909.0
scab 0.013942178999999999 54.0 423.0 101.0 507.0
scab 0.013893225 734.0 444.0 776.0 504.0
scab 0.013555719499999999 1603.0 965.0 1682.0 1138.0
scab 0.013518743 1465.0 634.0 1493.0 676.0
scab 0.013327361000000001 1095.0 249.0 1141.0 326.0
rust 0.012889795 1346.0 89.0 1394.0 143.0
scab 0.012470433000000001 992.0 375.0 1037.0 450.0
rust 0.012155204 1543.0 374.0 1582.0 450.0
rust 0.01168507 716.0 413.0 745.0 450.0
rust 0.011494757 1767.0 182.0 1827.0 264.0
rust 0.011227522 81.0 629.0 112.0 665.0
scab 0.011050882 397.0 760.0 442.0 842.0
scab 0.010905976999999999 312.0 781.0 354.0 854.0
scab 0.010838243999999999 23.0 114.0 90.0 282.0
scab 0.010447149000000001 1565.0 440.0 1636.0 617.0
rust 0.010413383 1840.0 450.0 1890.0 550.0
rust 0.010403199 1525.0 183.0 1560.0 222.0
rust 0.0103137 1650.0 421.0 1699.0 494.0
scab 0.010304223000000001 397.0 698.0 486.0 884.0
rust 0.010260459 565.0 696.0 606.0 779.0
scab 0.010227306 1517.0 168.0 1566.0 241.0
scab 0.010148031 1713.0 336.0 1758.0 407.0
