scab 0.3767247 803.0 240.0 890.0 385.0
scab 0.3386006 778.0 424.0 822.0 494.0
scab 0.32326612 1304.0 605.0 1392.0 778.0
scab 0.23488063 608.0 755.0 697.0 904.0
scab 0.19745845 1800.0 1158.0 1891.0 1356.0
scab 0.18467703 716.0 446.0 761.0 520.0
scab 0.18267278 739.0 879.0 824.0 1026.0
scab 0.10141693 656.0 894.0 748.0 1028.0
scab 0.09224249 1003.0 963.0 1084.0 1128.0
scab 0.09095048 1902.0 1179.0 1979.0 1343.0
scab 0.08991561 924.0 625.0 998.0 789.0
scab 0.08640980000000001 1053.0 372.0 1127.0 515.0
scab 0.084863134 444.0 658.0 537.0 822.0
scab 0.08365561 367.0 543.0 447.0 689.0
scab 0.08161758 518.0 484.0 564.0 556.0
scab 0.07791535599999999 1068.0 403.0 1118.0 478.0
scab 0.0716864 923.0 299.0 969.0 371.0
scab 0.06996876 1169.0 439.0 1260.0 613.0
scab 0.068496935 923.0 271.0 1010.0 443.0
scab 0.062003393 967.0 252.0 1041.0 404.0
scab 0.059842657 658.0 502.0 747.0 653.0
scab 0.059461314 617.0 891.0 715.0 1033.0
scab 0.057558183 744.0 384.0 826.0 526.0
scab 0.05316131 1302.0 437.0 1379.0 609.0
scab 0.053074054 416.0 816.0 453.0 878.0
scab 0.051970482 1079.0 784.0 1167.0 962.0
scab 0.050522935 953.0 372.0 997.0 458.0
scab 0.050034307 365.0 676.0 448.0 824.0
scab 0.044508732999999995 622.0 783.0 673.0 865.0
scab 0.044306353 1047.0 832.0 1131.0 989.0
scab 0.041632924 865.0 980.0 909.0 1048.0
scab 0.040547 716.0 253.0 763.0 331.0
scab 0.040024462999999996 1017.0 976.0 1061.0 1055.0
scab 0.039838806000000004 483.0 667.0 574.0 826.0
scab 0.03835085 985.0 290.0 1033.0 379.0
scab 0.03670047 687.0 905.0 734.0 992.0
scab 0.03591954 836.0 452.0 922.0 614.0
scab 0.035508715 526.0 854.0 616.0 981.0
scab 0.03495091 377.0 720.0 419.0 799.0
scab 0.033769667 828.0 383.0 912.0 518.0
scab 0.03302702 1771.0 1202.0 1866.0 1365.0
scab 0.030567337000000003 756.0 904.0 805.0 997.0
scab 0.030486485 630.0 991.0 679.0 1071.0
scab 0.027883051000000002 1924.0 1211.0 1972.0 1289.0
scab 0.027237825 830.0 741.0 915.0 922.0
scab 0.027072702999999997 1175.0 353.0 1253.0 550.0
scab 0.02650878 1006.0 253.0 1068.0 390.0
scab 0.02543642 398.0 670.0 497.0 824.0
scab 0.024949512000000004 368.0 821.0 414.0 906.0
scab 0.0249307 702.0 658.0 789.0 833.0
scab 0.024817541000000002 1869.0 1145.0 1916.0 1217.0
scab 0.024175052000000002 389.0 587.0 439.0 668.0
scab 0.023745598 670.0 744.0 713.0 814.0
scab 0.023196831 869.0 460.0 953.0 611.0
rust 0.022786982 1304.0 605.0 1392.0 778.0
scab 0.022569025 540.0 891.0 584.0 969.0
scab 0.022289137999999997 1298.0 781.0 1381.0 957.0
scab 0.021659277 1560.0 438.0 1635.0 623.0
scab 0.021633042 572.0 545.0 662.0 700.0
scab 0.02162105 1776.0 1085.0 1925.0 1358.0
scab 0.021451243999999998 789.0 206.0 949.0 365.0
rust 0.02119926 778.0 424.0 822.0 494.0
scab 0.021044072 824.0 997.0 865.0 1075.0
scab 0.020847416 1713.0 1174.0 1756.0 1234.0
scab 0.020411191999999998 273.0 630.0 355.0 776.0
scab 0.020294823 574.0 714.0 665.0 880.0
scab 0.020160748 675.0 900.0 719.0 966.0
scab 0.019950863 754.0 375.0 791.0 447.0
scab 0.019683291999999998 911.0 929.0 996.0 1079.0
scab 0.019107986 613.0 533.0 705.0 699.0
scab 0.018428363 710.0 243.0 771.0 384.0
scab 0.017803331999999998 844.0 384.0 888.0 452.0
scab 0.017611189 610.0 883.0 655.0 970.0
scab 0.016851243000000002 486.0 849.0 584.0 980.0
scab 0.016838554 953.0 307.0 1036.0 491.0
scab 0.0166092 531.0 584.0 622.0 730.0
scab 0.016268449 1143.0 449.0 1222.0 606.0
scab 0.016159613 573.0 887.0 665.0 1026.0
scab 0.016103828 839.0 225.0 992.0 400.0
scab 0.015820924 783.0 382.0 878.0 526.0
scab 0.015737796000000002 531.0 715.0 615.0 854.0
scab 0.015692927 540.0 724.0 585.0 797.0
scab 0.015448825 418.0 895.0 459.0 961.0
scab 0.015411701000000002 1146.0 237.0 1216.0 405.0
scab 0.01540738 836.0 927.0 917.0 1085.0
rust 0.015287951999999999 803.0 240.0 890.0 385.0
scab 0.014864298500000001 569.0 586.0 612.0 670.0
scab 0.014824898999999999 1762.0 1292.0 1807.0 1365.0
scab 0.014754638999999998 1212.0 773.0 1298.0 967.0
scab 0.014671703000000001 490.0 593.0 575.0 736.0
scab 0.014613683999999998 1206.0 441.0 1292.0 618.0
scab 0.014612238999999999 667.0 286.0 741.0 445.0
scab 0.014599638 393.0 676.0 435.0 753.0
scab 0.01452831 522.0 607.0 566.0 696.0
scab 0.014479055 694.0 507.0 784.0 654.0
scab 0.014234102 1826.0 1185.0 1870.0 1269.0
scab 0.014091107 941.0 669.0 988.0 754.0
scab 0.013634944 358.0 741.0 441.0 915.0
scab 0.013391008000000001 1253.0 756.0 1345.0 922.0
scab 0.013374832 1145.0 296.0 1277.0 611.0
scab 0.013322185 876.0 250.0 947.0 389.0
scab 0.013128118000000001 820.0 486.0 862.0 560.0
scab 0.012996468 1300.0 562.0 1451.0 769.0
scab 0.012611106 871.0 931.0 964.0 1080.0
scab 0.012551263 1000.0 616.0 1081.0 792.0
scab 0.012482014 1916.0 1221.0 2048.0 1359.0
scab 0.012438359 1037.0 265.0 1081.0 355.0
scab 0.0122810695 694.0 952.0 735.0 1033.0
scab 0.011803810500000001 707.0 854.0 797.0 1004.0
scab 0.011791342 458.0 653.0 505.0 729.0
scab 0.011696067 475.0 886.0 517.0 966.0
rust 0.011658955 1692.0 980.0 1737.0 1056.0
rust 0.011340803 716.0 446.0 761.0 520.0
scab 0.011334283999999998 858.0 252.0 906.0 333.0
scab 0.01121095 708.0 376.0 795.0 530.0
scab 0.0111692995 657.0 712.0 746.0 870.0
scab 0.011015638000000001 1819.0 1181.0 1976.0 1326.0
scab 0.010951343 708.0 1045.0 758.0 1116.0
scab 0.010909644 710.0 542.0 759.0 623.0
scab 0.010902341000000001 525.0 499.0 556.0 544.0
scab 0.010830958 479.0 643.0 521.0 709.0
scab 0.010731061 910.0 231.0 1092.0 420.0
scab 0.010633525 437.0 734.0 484.0 816.0
scab 0.010475369 930.0 959.0 970.0 1030.0
scab 0.010436217 1011.0 379.0 1051.0 457.0
scab 0.0103746215 1508.0 526.0 1588.0 721.0
scab 0.0103294235 1767.0 1129.0 1862.0 1315.0
scab 0.010234078 525.0 866.0 569.0 948.0
scab 0.010221306 1987.0 1221.0 2048.0 1365.0
scab 0.010202949000000001 494.0 464.0 572.0 597.0
scab 0.010146852 612.0 952.0 654.0 1028.0
