scab 0.5387923000000001 1222.0 836.0 1312.0 995.0
scab 0.48275942 1043.0 526.0 1118.0 695.0
scab 0.40654776 1001.0 841.0 1098.0 1007.0
scab 0.15276778 403.0 1084.0 480.0 1267.0
scab 0.11513488 367.0 727.0 416.0 795.0
rust 0.110779636 1792.0 1231.0 1820.0 1268.0
scab 0.092667446 711.0 788.0 790.0 939.0
rust 0.049521852000000005 367.0 727.0 416.0 795.0
scab 0.04929363 397.0 606.0 438.0 664.0
rust 0.047516357 1043.0 526.0 1118.0 695.0
rust 0.03750489 1580.0 1160.0 1607.0 1197.0
rust 0.035225853 1689.0 1184.0 1716.0 1222.0
scab 0.032273635 1054.0 559.0 1107.0 656.0
scab 0.02765873 1243.0 865.0 1294.0 949.0
scab 0.023626112999999997 1506.0 958.0 1554.0 1031.0
scab 0.023596317999999998 1401.0 1056.0 1445.0 1132.0
rust 0.023295047000000003 172.0 524.0 202.0 558.0
rust 0.022303246000000002 1384.0 760.0 1415.0 802.0
rust 0.02056766 730.0 11.0 792.0 93.0
rust 0.01931216 1222.0 836.0 1312.0 995.0
rust 0.018818773 403.0 1084.0 480.0 1267.0
rust 0.017695928 1044.0 651.0 1069.0 688.0
rust 0.01739712 711.0 788.0 790.0 939.0
scab 0.015087961 385.0 1122.0 504.0 1223.0
rust 0.01186668 1109.0 886.0 1136.0 927.0
scab 0.011423801 980.0 562.0 1137.0 666.0
scab 0.010881989 1230.0 843.0 1274.0 927.0
rust 0.010865557 1001.0 841.0 1098.0 1007.0
rust 0.010293818 1357.0 1059.0 1384.0 1100.0
rust 0.010235846 1401.0 1056.0 1445.0 1132.0
