rust 0.69619906 930.0 536.0 973.0 600.0
rust 0.5727354 776.0 482.0 822.0 552.0
rust 0.39429626 877.0 1047.0 932.0 1103.0
rust 0.3107684 1232.0 1089.0 1278.0 1149.0
rust 0.2901998 26.0 1254.0 82.0 1319.0
rust 0.23661792 1155.0 812.0 1214.0 886.0
rust 0.16700517 71.0 1140.0 127.0 1225.0
rust 0.15112785 1900.0 97.0 1931.0 132.0
rust 0.11215567 1578.0 628.0 1628.0 705.0
rust 0.06735557 639.0 924.0 668.0 962.0
rust 0.05276569 1836.0 56.0 1865.0 91.0
scab 0.04704793 1232.0 1089.0 1278.0 1149.0
scab 0.03768106 877.0 1047.0 932.0 1103.0
rust 0.035348482 37.0 1267.0 75.0 1306.0
scab 0.026595484 26.0 1254.0 82.0 1319.0
rust 0.021236453 1526.0 741.0 1555.0 780.0
scab 0.019713677 776.0 482.0 822.0 552.0
scab 0.017519583999999998 1156.0 787.0 1215.0 939.0
rust 0.017081186 1830.0 117.0 1865.0 154.0
scab 0.014653048 930.0 536.0 973.0 600.0
rust 0.014564866999999999 1857.0 8.0 1886.0 43.0
scab 0.013928665 1823.0 107.0 1869.0 166.0
rust 0.012680495 1583.0 644.0 1612.0 685.0
scab 0.012600118 71.0 1140.0 127.0 1225.0
rust 0.012167698000000001 63.0 1209.0 89.0 1247.0
rust 0.012029182 1848.0 59.0 1877.0 95.0
rust 0.011104252 1847.0 0.0 1890.0 59.0
