rust 0.44952145 1543.0 707.0 1592.0 769.0
rust 0.18564446 1145.0 888.0 1189.0 971.0
scab 0.1647474 1091.0 760.0 1181.0 906.0
scab 0.15844032 675.0 810.0 757.0 1022.0
scab 0.15121534 762.0 748.0 800.0 807.0
rust 0.1420285 1503.0 791.0 1552.0 863.0
scab 0.12151700000000001 1117.0 797.0 1163.0 889.0
scab 0.10446989 1198.0 702.0 1245.0 763.0
scab 0.08787519 1063.0 823.0 1104.0 906.0
scab 0.073190086 1156.0 752.0 1207.0 816.0
scab 0.060699305999999995 733.0 699.0 779.0 764.0
scab 0.059620705 29.0 656.0 81.0 737.0
scab 0.05688701 827.0 697.0 854.0 735.0
scab 0.056864027000000004 1636.0 1159.0 1725.0 1365.0
rust 0.05526685 766.0 755.0 797.0 799.0
rust 0.05521197 646.0 940.0 697.0 1010.0
rust 0.05410605 827.0 697.0 854.0 735.0
scab 0.048328403 1543.0 707.0 1592.0 769.0
scab 0.0483234 1129.0 724.0 1213.0 876.0
scab 0.048203185 924.0 996.0 976.0 1068.0
rust 0.045011237 856.0 544.0 881.0 580.0
rust 0.04380596 1483.0 968.0 1527.0 1063.0
scab 0.03831355 1503.0 791.0 1552.0 863.0
rust 0.037186056 1837.0 650.0 1887.0 726.0
rust 0.02983793 574.0 477.0 630.0 560.0
rust 0.029332057 1674.0 312.0 1712.0 383.0
rust 0.024865266 1381.0 510.0 1423.0 587.0
scab 0.023998477999999997 1206.0 713.0 1238.0 753.0
scab 0.023737365 869.0 977.0 895.0 1014.0
scab 0.023514409 761.0 826.0 799.0 893.0
rust 0.023059985 750.0 12.0 797.0 86.0
scab 0.022066712000000002 1673.0 1211.0 1759.0 1365.0
scab 0.019629734 742.0 711.0 770.0 753.0
rust 0.01960585 1608.0 732.0 1657.0 831.0
scab 0.019093443 1145.0 888.0 1189.0 971.0
scab 0.018808225 646.0 940.0 697.0 1010.0
scab 0.01871811 1982.0 596.0 2048.0 802.0
scab 0.01833524 767.0 838.0 794.0 878.0
rust 0.0174752 675.0 810.0 757.0 1022.0
rust 0.017117972 1198.0 702.0 1245.0 763.0
rust 0.015467834 869.0 977.0 895.0 1014.0
scab 0.0149698295 856.0 544.0 881.0 580.0
rust 0.014938914 1653.0 741.0 1697.0 822.0
rust 0.014456748 653.0 953.0 689.0 996.0
rust 0.014346781999999999 1617.0 709.0 1675.0 860.0
rust 0.012653949 767.0 838.0 794.0 878.0
scab 0.012581817 1995.0 671.0 2041.0 761.0
scab 0.012457951 920.0 971.0 992.0 1105.0
scab 0.012130893 1821.0 586.0 1888.0 756.0
scab 0.012072161000000001 751.0 697.0 792.0 769.0
scab 0.011753683999999999 21.0 633.0 93.0 767.0
scab 0.011648404 685.0 824.0 732.0 904.0
scab 0.011493999 1608.0 1167.0 1691.0 1354.0
rust 0.011387295 1085.0 885.0 1108.0 921.0
rust 0.010609565 900.0 949.0 923.0 985.0
rust 0.010561889 29.0 656.0 81.0 737.0
scab 0.010537768999999999 1821.0 108.0 1891.0 287.0
rust 0.010390001999999999 1933.0 159.0 1981.0 244.0
rust 0.010373893 582.0 132.0 626.0 195.0
rust 0.010331257 1589.0 315.0 1632.0 383.0
scab 0.010194016 673.0 797.0 718.0 888.0
rust 0.010036895 1678.0 325.0 1707.0 367.0
