scab 0.29545566 1566.0 899.0 1660.0 1104.0
scab 0.25313973 1353.0 1057.0 1439.0 1213.0
scab 0.24456318 1421.0 1090.0 1510.0 1275.0
scab 0.18739015 1340.0 538.0 1433.0 696.0
scab 0.15115798 1006.0 871.0 1097.0 1040.0
scab 0.13659152 1036.0 820.0 1136.0 1024.0
scab 0.11469065 822.0 926.0 907.0 1095.0
scab 0.099496305 1203.0 1109.0 1302.0 1326.0
scab 0.09597039 1331.0 981.0 1381.0 1051.0
scab 0.09500674 663.0 497.0 747.0 672.0
scab 0.085086375 533.0 339.0 617.0 559.0
scab 0.08122952 273.0 696.0 364.0 888.0
scab 0.074478865 1132.0 1090.0 1218.0 1270.0
scab 0.07223302 1299.0 925.0 1386.0 1087.0
scab 0.07185317 1261.0 758.0 1348.0 918.0
scab 0.05699102599999999 783.0 528.0 826.0 600.0
scab 0.05679301 1528.0 924.0 1674.0 1169.0
scab 0.05586987 872.0 1126.0 954.0 1290.0
scab 0.05055505 920.0 879.0 997.0 1037.0
scab 0.04621152 445.0 505.0 536.0 719.0
scab 0.045035463 1381.0 1081.0 1483.0 1252.0
scab 0.044426173 1279.0 524.0 1317.0 600.0
scab 0.043988599999999996 1309.0 286.0 1380.0 434.0
scab 0.043587495 1051.0 1011.0 1134.0 1168.0
scab 0.04208174 1209.0 945.0 1299.0 1139.0
scab 0.041483663 1429.0 830.0 1505.0 991.0
rust 0.0392837 1382.0 844.0 1407.0 880.0
scab 0.03770255 1314.0 597.0 1359.0 669.0
scab 0.037051715 1056.0 421.0 1104.0 498.0
scab 0.036826923 911.0 665.0 997.0 823.0
scab 0.03640674 1307.0 544.0 1396.0 700.0
scab 0.03586788 788.0 705.0 873.0 863.0
scab 0.035211146 1372.0 583.0 1422.0 666.0
scab 0.034487464 1215.0 458.0 1297.0 601.0
scab 0.03315927 1246.0 937.0 1286.0 1010.0
scab 0.03277315 1336.0 908.0 1371.0 984.0
scab 0.031572524 901.0 1158.0 953.0 1245.0
scab 0.02949871 1376.0 533.0 1470.0 695.0
scab 0.029345787999999998 1319.0 424.0 1358.0 485.0
scab 0.028342849 1161.0 1083.0 1258.0 1282.0
scab 0.028302366000000002 1053.0 405.0 1128.0 558.0
rust 0.028142362999999997 1336.0 908.0 1371.0 984.0
scab 0.027675243 1646.0 729.0 1722.0 935.0
scab 0.025680477 973.0 1062.0 1016.0 1139.0
scab 0.024494522999999997 1382.0 1061.0 1424.0 1137.0
scab 0.024455411 416.0 903.0 486.0 1092.0
scab 0.02428946 787.0 935.0 887.0 1144.0
scab 0.024091007 739.0 939.0 831.0 1149.0
rust 0.023560157 1406.0 692.0 1431.0 729.0
scab 0.023503792000000003 543.0 867.0 610.0 1043.0
scab 0.023294061 200.0 465.0 250.0 540.0
scab 0.023066697999999997 1443.0 887.0 1488.0 959.0
scab 0.022950763 1056.0 1055.0 1105.0 1139.0
scab 0.021813733999999998 934.0 897.0 975.0 963.0
scab 0.02113894 954.0 1003.0 1036.0 1175.0
scab 0.019666556 1004.0 625.0 1093.0 787.0
scab 0.018525515 1084.0 958.0 1165.0 1141.0
scab 0.018233905 1178.0 1143.0 1265.0 1355.0
scab 0.017973192 1005.0 1129.0 1083.0 1317.0
rust 0.017421313 700.0 698.0 731.0 742.0
scab 0.017260335 1264.0 385.0 1305.0 454.0
scab 0.016927822 1101.0 1051.0 1249.0 1307.0
scab 0.016868029 1329.0 306.0 1376.0 400.0
scab 0.016127365 1033.0 680.0 1081.0 755.0
scab 0.016024236 1520.0 1001.0 1606.0 1167.0
scab 0.015795828999999997 1082.0 573.0 1171.0 741.0
scab 0.015728645 1406.0 692.0 1431.0 729.0
scab 0.015103486999999999 1331.0 1009.0 1455.0 1264.0
rust 0.01426258 1566.0 899.0 1660.0 1104.0
scab 0.014198333999999998 919.0 957.0 1002.0 1134.0
rust 0.013915002 1951.0 814.0 2016.0 1019.0
scab 0.013762883 1043.0 571.0 1134.0 754.0
scab 0.013558508 201.0 406.0 285.0 585.0
scab 0.0131345 1076.0 856.0 1162.0 1050.0
scab 0.013021233500000002 423.0 524.0 554.0 641.0
scab 0.012947351000000001 479.0 512.0 567.0 728.0
scab 0.012698113 1382.0 844.0 1407.0 880.0
scab 0.011914849 1255.0 928.0 1350.0 1089.0
scab 0.011842181 711.0 955.0 794.0 1131.0
scab 0.011784877 569.0 682.0 656.0 888.0
scab 0.01135424 1294.0 613.0 1373.0 683.0
scab 0.011106874 1181.0 458.0 1263.0 597.0
scab 0.010578316 1556.0 1036.0 1636.0 1205.0
scab 0.010326972 997.0 845.0 1164.0 1162.0
scab 0.010135521 1354.0 590.0 1403.0 663.0
scab 0.010108499 1540.0 1010.0 1653.0 1148.0
scab 0.01006796 927.0 892.0 1087.0 1017.0
