scab 0.6840982 1056.0 927.0 1148.0 1070.0
scab 0.64668584 1088.0 535.0 1197.0 698.0
scab 0.6059908 1257.0 717.0 1355.0 870.0
scab 0.5545526 795.0 572.0 891.0 724.0
scab 0.5364539 956.0 743.0 1053.0 897.0
scab 0.40977815 658.0 835.0 744.0 1001.0
scab 0.24916138 1221.0 882.0 1294.0 1017.0
scab 0.13224037 1320.0 828.0 1362.0 904.0
scab 0.052470512999999996 1224.0 912.0 1304.0 980.0
scab 0.05116652 818.0 759.0 863.0 832.0
scab 0.043249792999999995 662.0 708.0 747.0 864.0
rust 0.041056514 1056.0 927.0 1148.0 1070.0
rust 0.035886575 795.0 572.0 891.0 724.0
scab 0.032136858 1227.0 719.0 1316.0 862.0
scab 0.03130436 827.0 916.0 868.0 982.0
scab 0.03039865 1056.0 539.0 1145.0 694.0
scab 0.030035585 1375.0 689.0 1456.0 749.0
scab 0.029789925 229.0 1180.0 258.0 1221.0
scab 0.028802374 1055.0 947.0 1108.0 1037.0
scab 0.027729355 692.0 880.0 785.0 1037.0
rust 0.025074508 1320.0 828.0 1362.0 904.0
scab 0.024766346 1266.0 742.0 1318.0 820.0
scab 0.024519881 352.0 1112.0 389.0 1168.0
rust 0.023397647 956.0 743.0 1053.0 897.0
scab 0.023056352999999998 924.0 731.0 1014.0 870.0
scab 0.022697577000000003 945.0 780.0 1036.0 863.0
scab 0.021482835 1307.0 741.0 1353.0 819.0
scab 0.021074379 1022.0 560.0 1182.0 669.0
scab 0.02096996 966.0 767.0 1058.0 841.0
scab 0.020110918000000002 756.0 770.0 798.0 833.0
scab 0.01941115 834.0 589.0 885.0 673.0
rust 0.019330177 1088.0 535.0 1197.0 698.0
scab 0.01826086 674.0 861.0 720.0 949.0
scab 0.017456713999999998 1080.0 587.0 1125.0 674.0
scab 0.017367575 1268.0 775.0 1314.0 864.0
scab 0.017261496 1265.0 761.0 1352.0 836.0
scab 0.017176619 788.0 728.0 876.0 859.0
scab 0.0153804 1114.0 942.0 1162.0 1008.0
scab 0.015003519 689.0 717.0 735.0 792.0
scab 0.014846713999999999 775.0 612.0 865.0 693.0
scab 0.0148094725 1141.0 581.0 1191.0 676.0
scab 0.014025107 1117.0 533.0 1165.0 602.0
rust 0.01358514 1257.0 717.0 1355.0 870.0
scab 0.013472321 827.0 725.0 915.0 858.0
scab 0.013272266999999999 1157.0 570.0 1206.0 651.0
scab 0.0127796745 673.0 770.0 714.0 832.0
scab 0.012129349 635.0 735.0 757.0 1025.0
scab 0.011728991000000001 694.0 709.0 787.0 862.0
scab 0.010728533 1167.0 720.0 1209.0 791.0
scab 0.010700336000000001 1378.0 691.0 1422.0 769.0
rust 0.010637981999999999 583.0 876.0 623.0 945.0
scab 0.010306852 827.0 776.0 856.0 820.0
scab 0.010193274 620.0 799.0 709.0 960.0
scab 0.010137611 592.0 851.0 750.0 970.0
