rust 0.82524705 1577.0 521.0 1648.0 702.0
rust 0.41924104 705.0 753.0 792.0 924.0
rust 0.17442055 1588.0 749.0 1674.0 814.0
rust 0.13744964 1607.0 712.0 1660.0 856.0
rust 0.12487551 281.0 705.0 353.0 848.0
rust 0.11925856 672.0 782.0 823.0 893.0
rust 0.10792274 1980.0 453.0 2047.0 636.0
rust 0.105326995 1548.0 567.0 1669.0 666.0
rust 0.0840894 584.0 894.0 668.0 1049.0
scab 0.06000798 1980.0 453.0 2047.0 636.0
rust 0.053614499999999995 225.0 765.0 305.0 826.0
scab 0.047552567000000004 1980.0 502.0 2040.0 590.0
scab 0.041726723 705.0 753.0 792.0 924.0
scab 0.03676431 1375.0 64.0 1419.0 132.0
rust 0.031458772999999995 1980.0 502.0 2040.0 590.0
rust 0.028868599999999998 1375.0 64.0 1419.0 132.0
rust 0.026376441 680.0 766.0 756.0 919.0
scab 0.025059685 281.0 705.0 353.0 848.0
scab 0.025028966 1577.0 521.0 1648.0 702.0
rust 0.022586444 301.0 355.0 355.0 440.0
rust 0.021658918 537.0 920.0 712.0 1021.0
rust 0.020086344 540.0 930.0 597.0 1009.0
scab 0.018273225 672.0 782.0 823.0 893.0
scab 0.017920798 1607.0 712.0 1660.0 856.0
scab 0.01687943 680.0 766.0 756.0 919.0
scab 0.016440002 584.0 894.0 668.0 1049.0
scab 0.01601277 609.0 490.0 651.0 565.0
rust 0.014736518999999998 258.0 623.0 307.0 680.0
rust 0.014588262 269.0 632.0 300.0 667.0
rust 0.013832272 4.0 157.0 60.0 249.0
rust 0.012638656000000002 283.0 954.0 349.0 1121.0
rust 0.012386053999999999 619.0 518.0 649.0 558.0
rust 0.011865098999999999 1948.0 479.0 2048.0 605.0
rust 0.010233231 1580.0 718.0 1698.0 852.0
rust 0.010165529 612.0 504.0 654.0 573.0
scab 0.010021535 1948.0 479.0 2048.0 605.0
