rust 0.64098614 625.0 511.0 672.0 586.0
rust 0.59852767 958.0 340.0 1017.0 416.0
rust 0.57946366 666.0 348.0 719.0 412.0
rust 0.54820627 1241.0 612.0 1291.0 701.0
rust 0.36708140000000006 582.0 852.0 639.0 934.0
rust 0.27581869999999997 68.0 861.0 132.0 942.0
rust 0.21672525 889.0 288.0 952.0 358.0
rust 0.21471144 769.0 568.0 805.0 653.0
scab 0.101997115 401.0 707.0 490.0 883.0
scab 0.07527302 660.0 590.0 750.0 746.0
rust 0.058307625 0.0 659.0 31.0 735.0
rust 0.05219684 365.0 926.0 391.0 962.0
scab 0.038558036000000004 275.0 789.0 366.0 941.0
rust 0.03816479 0.0 994.0 31.0 1072.0
scab 0.037708767000000004 617.0 621.0 706.0 777.0
scab 0.031781655 527.0 669.0 617.0 822.0
rust 0.030223702999999998 1211.0 845.0 1236.0 880.0
scab 0.028247286 693.0 577.0 785.0 754.0
scab 0.027610747 1033.0 417.0 1076.0 492.0
scab 0.02611769 1238.0 583.0 1294.0 730.0
scab 0.025461042000000003 588.0 828.0 641.0 989.0
scab 0.022953747000000004 769.0 568.0 805.0 653.0
scab 0.021094968999999998 486.0 692.0 573.0 878.0
rust 0.01986149 377.0 975.0 408.0 1017.0
rust 0.018354187 897.0 303.0 932.0 348.0
rust 0.017519355 776.0 584.0 808.0 630.0
scab 0.016548607 311.0 751.0 402.0 923.0
scab 0.016068768 398.0 781.0 439.0 864.0
scab 0.014909644 365.0 926.0 391.0 962.0
scab 0.014647216999999999 438.0 703.0 536.0 879.0
scab 0.013526048 362.0 741.0 458.0 911.0
scab 0.0132921655 632.0 661.0 676.0 732.0
scab 0.012957691 1211.0 845.0 1236.0 880.0
scab 0.012418917 625.0 511.0 672.0 586.0
scab 0.010431704 958.0 340.0 1017.0 416.0
scab 0.010001656 310.0 809.0 357.0 884.0
