rust 0.5803520999999999 802.0 498.0 853.0 710.0
rust 0.49626076 834.0 724.0 908.0 963.0
scab 0.33263227 284.0 247.0 367.0 402.0
scab 0.31560707 374.0 166.0 439.0 305.0
scab 0.31275758 456.0 229.0 548.0 409.0
scab 0.15482824 496.0 199.0 574.0 375.0
rust 0.13275316 794.0 546.0 854.0 639.0
scab 0.11825624 0.0 145.0 64.0 322.0
scab 0.08713096 536.0 211.0 604.0 360.0
scab 0.06809032 374.0 190.0 456.0 256.0
rust 0.06021443 795.0 782.0 949.0 903.0
scab 0.051866874 107.0 0.0 179.0 131.0
scab 0.047479738 445.0 187.0 619.0 382.0
rust 0.043603983 240.0 1213.0 283.0 1272.0
rust 0.037719063 0.0 145.0 64.0 322.0
scab 0.036261544 69.0 951.0 117.0 1029.0
scab 0.030273227000000003 353.0 233.0 436.0 389.0
scab 0.029642852 284.0 289.0 337.0 378.0
scab 0.025613919 260.0 428.0 303.0 496.0
rust 0.024127465 96.0 1065.0 137.0 1125.0
rust 0.020610038 766.0 556.0 891.0 659.0
scab 0.019867085 750.0 83.0 800.0 155.0
rust 0.018868944 816.0 765.0 883.0 912.0
scab 0.018603668 334.0 192.0 410.0 376.0
scab 0.018402751999999998 575.0 244.0 643.0 384.0
rust 0.017728228000000002 818.0 805.0 914.0 882.0
scab 0.01759629 247.0 222.0 394.0 427.0
rust 0.017291278 750.0 83.0 800.0 155.0
rust 0.016616441000000003 374.0 166.0 439.0 305.0
scab 0.016609773 326.0 111.0 484.0 372.0
scab 0.016085325 250.0 249.0 329.0 394.0
scab 0.014524236000000001 367.0 268.0 414.0 348.0
scab 0.011644022 97.0 0.0 178.0 65.0
scab 0.011531584 476.0 311.0 525.0 396.0
scab 0.01066103 76.0 0.0 160.0 120.0
