scab 0.40394363 1548.0 504.0 1649.0 654.0
scab 0.30123574 1304.0 360.0 1405.0 537.0
scab 0.2956989 1263.0 801.0 1347.0 936.0
scab 0.28013417 1436.0 888.0 1527.0 1024.0
scab 0.27623782 1598.0 1011.0 1693.0 1148.0
scab 0.26666665 1674.0 710.0 1785.0 871.0
scab 0.24859652 1673.0 967.0 1761.0 1123.0
scab 0.24363916 1565.0 897.0 1653.0 1022.0
scab 0.21652669 866.0 983.0 966.0 1180.0
scab 0.17865156 1005.0 1063.0 1099.0 1272.0
scab 0.17620681 1336.0 549.0 1435.0 699.0
scab 0.1737079 1720.0 739.0 1809.0 904.0
scab 0.16956034 1503.0 977.0 1595.0 1113.0
scab 0.16461174 1076.0 918.0 1168.0 1082.0
scab 0.16120534 1250.0 925.0 1334.0 1073.0
scab 0.14623429 1131.0 975.0 1220.0 1123.0
scab 0.13879053 1645.0 373.0 1733.0 536.0
scab 0.12781477 1464.0 841.0 1551.0 1010.0
scab 0.12710142 999.0 578.0 1085.0 739.0
scab 0.12609336 1272.0 819.0 1321.0 905.0
scab 0.12594318 1423.0 540.0 1523.0 689.0
scab 0.112076804 1735.0 530.0 1821.0 700.0
scab 0.10891446 1427.0 1064.0 1513.0 1201.0
scab 0.1039682 1635.0 493.0 1728.0 658.0
scab 0.10341487 1346.0 841.0 1424.0 981.0
scab 0.09787678 1376.0 537.0 1480.0 696.0
scab 0.095072344 1301.0 550.0 1397.0 704.0
scab 0.093116224 1302.0 1060.0 1390.0 1186.0
scab 0.09089974 1764.0 831.0 1863.0 995.0
scab 0.090186335 1009.0 913.0 1096.0 1083.0
scab 0.088245295 1209.0 520.0 1303.0 721.0
scab 0.0879489 1250.0 1012.0 1345.0 1165.0
scab 0.08372863 1080.0 959.0 1129.0 1032.0
scab 0.080508076 1087.0 586.0 1172.0 748.0
scab 0.075119354 1602.0 927.0 1651.0 1008.0
scab 0.07282863 1215.0 1010.0 1306.0 1155.0
scab 0.070355944 1461.0 537.0 1558.0 685.0
scab 0.0685221 1676.0 389.0 1768.0 583.0
scab 0.06606629 1729.0 837.0 1822.0 991.0
scab 0.06415463 1506.0 993.0 1554.0 1077.0
scab 0.062270787 1805.0 782.0 1892.0 976.0
scab 0.062097322 791.0 546.0 871.0 706.0
scab 0.05897676599999999 1175.0 712.0 1261.0 858.0
scab 0.058172327 1163.0 978.0 1257.0 1125.0
scab 0.05745495 1370.0 874.0 1416.0 942.0
scab 0.056384906 1159.0 1014.0 1209.0 1093.0
scab 0.054964237 1460.0 914.0 1546.0 983.0
scab 0.05475438 1467.0 909.0 1555.0 1080.0
scab 0.053702977 1344.0 935.0 1428.0 1067.0
scab 0.053279392 1204.0 1020.0 1248.0 1091.0
scab 0.05157247 1482.0 567.0 1529.0 651.0
scab 0.051332552000000004 1133.0 1093.0 1219.0 1258.0
scab 0.05098865 1440.0 1103.0 1486.0 1183.0
scab 0.049470633 1358.0 977.0 1403.0 1054.0
scab 0.047631115 841.0 1171.0 915.0 1325.0
scab 0.04744723 1315.0 722.0 1357.0 797.0
scab 0.046626214000000006 1646.0 671.0 1732.0 837.0
scab 0.046165854000000006 1696.0 991.0 1743.0 1080.0
scab 0.04437769 1595.0 907.0 1681.0 1080.0
scab 0.042328477 1221.0 611.0 1274.0 688.0
scab 0.041673258 1286.0 805.0 1389.0 948.0
scab 0.04037034 1563.0 546.0 1615.0 628.0
scab 0.039107785 1372.0 585.0 1420.0 672.0
scab 0.039015688 1817.0 661.0 1905.0 837.0
scab 0.038449638 1777.0 893.0 1823.0 966.0
scab 0.037614346 1545.0 656.0 1586.0 728.0
scab 0.036709424 492.0 500.0 577.0 668.0
scab 0.036434434 1251.0 969.0 1297.0 1047.0
scab 0.03543913 1671.0 758.0 1719.0 844.0
scab 0.03440599 1609.0 362.0 1763.0 628.0
scab 0.034018457 1331.0 415.0 1383.0 499.0
scab 0.03397183 1444.0 922.0 1488.0 1016.0
scab 0.03382272 1251.0 538.0 1346.0 709.0
scab 0.032998852 1626.0 993.0 1732.0 1156.0
scab 0.032810535 990.0 1082.0 1113.0 1190.0
scab 0.03263827 1017.0 910.0 1062.0 984.0
scab 0.032241907 1466.0 1088.0 1559.0 1248.0
scab 0.0313358 1334.0 1059.0 1424.0 1191.0
scab 0.030436484 906.0 1014.0 955.0 1099.0
scab 0.029550398 1696.0 708.0 1834.0 961.0
scab 0.028874467999999997 1480.0 884.0 1640.0 1022.0
scab 0.028737584 1639.0 634.0 1808.0 873.0
scab 0.028050252999999997 701.0 952.0 789.0 1137.0
scab 0.027797752999999998 854.0 1192.0 902.0 1264.0
scab 0.02776294 837.0 971.0 925.0 1133.0
scab 0.026262492000000002 1680.0 490.0 1773.0 658.0
scab 0.024790179 1471.0 1000.0 1566.0 1167.0
scab 0.023825218999999998 1486.0 813.0 1526.0 873.0
scab 0.023821216 1309.0 1066.0 1355.0 1137.0
scab 0.022981795 1183.0 549.0 1223.0 621.0
scab 0.022514338 1850.0 689.0 1929.0 878.0
scab 0.021741727000000002 901.0 966.0 994.0 1136.0
scab 0.021739805 1695.0 452.0 1837.0 710.0
scab 0.021551054 1631.0 548.0 1678.0 629.0
scab 0.021468606 1511.0 459.0 1601.0 621.0
scab 0.021457627000000003 1722.0 440.0 1805.0 630.0
scab 0.021372473 1510.0 528.0 1609.0 685.0
scab 0.021369075 1331.0 1082.0 1378.0 1163.0
scab 0.021075157 1559.0 876.0 1714.0 1138.0
scab 0.021067957999999998 1612.0 376.0 1689.0 522.0
scab 0.021011977 1593.0 530.0 1686.0 681.0
scab 0.020855347 1374.0 728.0 1412.0 786.0
scab 0.02063924 1471.0 450.0 1558.0 618.0
scab 0.020248825 1713.0 753.0 1903.0 1004.0
scab 0.020191663999999998 1698.0 1034.0 1740.0 1112.0
scab 0.020098986 1003.0 598.0 1175.0 719.0
scab 0.020078648 1559.0 1014.0 1652.0 1151.0
scab 0.019799089 1505.0 1042.0 1594.0 1212.0
scab 0.019789558 1335.0 397.0 1424.0 553.0
rust 0.019734573000000002 1035.0 416.0 1074.0 498.0
scab 0.01939766 1436.0 884.0 1586.0 1127.0
scab 0.018996113999999998 541.0 791.0 621.0 961.0
scab 0.018430606000000002 1165.0 1127.0 1259.0 1298.0
scab 0.018398381999999998 1443.0 518.0 1591.0 640.0
scab 0.018370986000000002 1197.0 981.0 1324.0 1108.0
scab 0.018315205 666.0 926.0 747.0 1092.0
scab 0.018149495 1174.0 581.0 1268.0 731.0
scab 0.018137211 1248.0 1042.0 1294.0 1117.0
scab 0.017901668 1439.0 1047.0 1480.0 1112.0
scab 0.017771231000000002 1570.0 927.0 1617.0 1006.0
scab 0.017423563 1738.0 563.0 1783.0 647.0
scab 0.017160412 1639.0 923.0 1729.0 1095.0
scab 0.017040424 1593.0 846.0 1679.0 1011.0
scab 0.01674177 1039.0 883.0 1137.0 1061.0
scab 0.016704146 1734.0 776.0 1781.0 862.0
scab 0.016339209 1764.0 559.0 1848.0 754.0
scab 0.0159341 1385.0 1064.0 1480.0 1193.0
scab 0.015880506000000003 1438.0 593.0 1485.0 671.0
scab 0.015759443999999997 1553.0 762.0 1636.0 894.0
scab 0.0155491065 1015.0 990.0 1059.0 1078.0
scab 0.015258818 1178.0 498.0 1264.0 655.0
scab 0.015251793999999999 1585.0 917.0 1640.0 993.0
scab 0.014648118 1339.0 1183.0 1426.0 1326.0
scab 0.014130237 1728.0 611.0 1815.0 798.0
scab 0.013973524 1245.0 1063.0 1333.0 1131.0
scab 0.013936994 1645.0 739.0 1729.0 898.0
scab 0.013898705 1422.0 683.0 1464.0 750.0
rust 0.01381951 669.0 334.0 721.0 411.0
scab 0.013648667 909.0 1038.0 994.0 1211.0
scab 0.013536609 1504.0 1087.0 1547.0 1154.0
scab 0.013282353 1522.0 1005.0 1570.0 1101.0
scab 0.013252667 1448.0 1066.0 1578.0 1191.0
scab 0.013228933 1769.0 658.0 1856.0 838.0
scab 0.013171907 1481.0 891.0 1529.0 974.0
scab 0.013116283999999999 1525.0 974.0 1677.0 1115.0
scab 0.012952854 998.0 989.0 1090.0 1200.0
scab 0.01290361 1514.0 764.0 1603.0 899.0
scab 0.012902973 1783.0 627.0 1926.0 877.0
scab 0.012625242 454.0 657.0 532.0 831.0
