scab 0.30026790000000003 995.0 275.0 1080.0 455.0
scab 0.2640671 949.0 394.0 1045.0 580.0
scab 0.25818208 1129.0 289.0 1224.0 509.0
scab 0.14301562 1087.0 350.0 1178.0 544.0
scab 0.09995564 933.0 354.0 1008.0 545.0
scab 0.08199356 1467.0 579.0 1558.0 732.0
rust 0.07726592 963.0 904.0 990.0 940.0
scab 0.06998641 913.0 277.0 1089.0 537.0
rust 0.068818554 1666.0 1130.0 1732.0 1312.0
scab 0.065765046 702.0 668.0 791.0 827.0
scab 0.06178552 1099.0 395.0 1148.0 481.0
scab 0.06026626400000001 692.0 728.0 778.0 787.0
scab 0.059721507 713.0 594.0 794.0 728.0
scab 0.057487037000000005 818.0 458.0 904.0 622.0
scab 0.05379672 820.0 519.0 868.0 610.0
scab 0.044088308 959.0 636.0 1049.0 781.0
scab 0.043680977 628.0 742.0 676.0 811.0
rust 0.041782677000000004 1129.0 289.0 1224.0 509.0
rust 0.040545557 949.0 394.0 1045.0 580.0
rust 0.03943043 995.0 275.0 1080.0 455.0
scab 0.039324753 988.0 403.0 1083.0 582.0
rust 0.037778564 913.0 277.0 1089.0 537.0
scab 0.036471218 752.0 620.0 797.0 684.0
rust 0.032763692999999997 1005.0 931.0 1030.0 967.0
scab 0.03219034 731.0 628.0 781.0 709.0
rust 0.03181408 933.0 354.0 1008.0 545.0
scab 0.030440453 1437.0 584.0 1523.0 728.0
rust 0.029457606 1192.0 550.0 1220.0 589.0
scab 0.02918053 613.0 716.0 702.0 850.0
scab 0.029056776 1044.0 405.0 1135.0 570.0
scab 0.026507447000000003 969.0 683.0 1055.0 747.0
scab 0.025871454 1165.0 275.0 1236.0 471.0
scab 0.025500212 1040.0 440.0 1082.0 522.0
scab 0.019843176 1009.0 315.0 1100.0 388.0
scab 0.019737894 738.0 673.0 832.0 817.0
scab 0.019564595 1034.0 294.0 1241.0 524.0
scab 0.018645126 1439.0 616.0 1523.0 682.0
scab 0.017965693 830.0 677.0 919.0 811.0
scab 0.016544195 995.0 632.0 1085.0 782.0
scab 0.014927205 940.0 325.0 1069.0 477.0
scab 0.0149267195 1407.0 606.0 1553.0 699.0
rust 0.014798613 1635.0 1166.0 1801.0 1272.0
scab 0.014783724 788.0 680.0 876.0 811.0
scab 0.014509981000000002 1057.0 358.0 1095.0 427.0
scab 0.0142824715 917.0 631.0 1008.0 787.0
scab 0.014252871 780.0 720.0 822.0 789.0
scab 0.0128100505 723.0 736.0 752.0 780.0
scab 0.012517186000000001 963.0 904.0 990.0 940.0
scab 0.011932693000000001 1039.0 285.0 1111.0 444.0
scab 0.011569798000000001 575.0 719.0 665.0 855.0
scab 0.011486633999999999 448.0 794.0 524.0 970.0
scab 0.011238403999999999 869.0 671.0 959.0 811.0
scab 0.010674076999999999 1505.0 577.0 1595.0 740.0
scab 0.010415912 911.0 399.0 1033.0 503.0
scab 0.010215234 655.0 713.0 749.0 851.0
