scab 0.31209353 958.0 573.0 1055.0 730.0
scab 0.23449531 864.0 549.0 962.0 686.0
scab 0.23435313 1077.0 781.0 1121.0 852.0
scab 0.21284118 729.0 673.0 782.0 744.0
scab 0.1708808 1270.0 695.0 1313.0 774.0
scab 0.16913920000000002 1378.0 715.0 1425.0 798.0
scab 0.1650575 1093.0 643.0 1138.0 709.0
scab 0.16455886 1155.0 667.0 1206.0 726.0
scab 0.13561170000000003 1264.0 676.0 1346.0 806.0
scab 0.13424996 901.0 881.0 946.0 941.0
scab 0.114022925 703.0 468.0 790.0 613.0
scab 0.10630866 1156.0 451.0 1204.0 514.0
scab 0.0973974 650.0 213.0 693.0 286.0
scab 0.09732797 1313.0 697.0 1359.0 768.0
scab 0.09173634 1379.0 544.0 1419.0 620.0
scab 0.08968351 646.0 589.0 693.0 675.0
scab 0.085444696 792.0 542.0 881.0 701.0
scab 0.0760372 908.0 558.0 1011.0 690.0
scab 0.074194774 1379.0 673.0 1462.0 822.0
scab 0.07286182 1053.0 593.0 1102.0 663.0
scab 0.07212986 994.0 557.0 1091.0 703.0
rust 0.06988931400000001 580.0 81.0 626.0 155.0
scab 0.06701249 968.0 360.0 1042.0 536.0
scab 0.06275123 872.0 715.0 910.0 787.0
scab 0.059092473 791.0 369.0 874.0 520.0
scab 0.057680838 883.0 563.0 935.0 653.0
scab 0.057634443 1129.0 424.0 1211.0 561.0
scab 0.05616821 624.0 583.0 707.0 720.0
scab 0.054775868 739.0 498.0 827.0 644.0
scab 0.053426348 1157.0 595.0 1206.0 656.0
scab 0.05215523 716.0 598.0 762.0 667.0
scab 0.049583983 906.0 469.0 958.0 539.0
scab 0.049309522 949.0 596.0 1032.0 663.0
scab 0.04894445 1039.0 579.0 1127.0 729.0
scab 0.043016978 819.0 390.0 867.0 479.0
scab 0.04159957 1011.0 594.0 1058.0 669.0
scab 0.0413467 922.0 477.0 975.0 558.0
rust 0.036682047 634.0 31.0 661.0 65.0
scab 0.033191282 1134.0 627.0 1210.0 763.0
scab 0.03303228 1291.0 672.0 1384.0 811.0
scab 0.032386925 1320.0 692.0 1465.0 789.0
scab 0.03195512 651.0 589.0 746.0 727.0
scab 0.03050271 916.0 422.0 1002.0 569.0
scab 0.02942265 879.0 459.0 965.0 602.0
scab 0.028840043 823.0 569.0 917.0 727.0
scab 0.028573453 705.0 631.0 785.0 762.0
scab 0.02813536 751.0 421.0 796.0 490.0
scab 0.02806715 968.0 655.0 1016.0 731.0
scab 0.027859042999999997 600.0 228.0 647.0 302.0
scab 0.02764036 1154.0 607.0 1181.0 651.0
rust 0.02553329 872.0 715.0 910.0 787.0
scab 0.025529686 1036.0 663.0 1074.0 727.0
scab 0.025241286 650.0 513.0 691.0 574.0
rust 0.023190256 588.0 96.0 621.0 136.0
rust 0.022378037000000003 574.0 57.0 602.0 90.0
scab 0.022369055 831.0 503.0 920.0 667.0
scab 0.022098987999999996 784.0 461.0 869.0 607.0
scab 0.022074647000000003 797.0 656.0 837.0 726.0
rust 0.021233676 569.0 95.0 614.0 170.0
scab 0.0210321 731.0 505.0 776.0 590.0
scab 0.018922595 1088.0 591.0 1174.0 736.0
rust 0.018746648 244.0 449.0 307.0 612.0
scab 0.018557966000000002 1167.0 608.0 1196.0 648.0
rust 0.018511288 625.0 22.0 667.0 77.0
scab 0.018473007 741.0 689.0 771.0 735.0
scab 0.018044308000000002 1193.0 544.0 1220.0 582.0
scab 0.016559344 244.0 449.0 307.0 612.0
scab 0.0155146625 1321.0 711.0 1351.0 758.0
scab 0.0151749365 1037.0 86.0 1086.0 156.0
scab 0.01487146 842.0 627.0 889.0 709.0
scab 0.014018497 1143.0 456.0 1190.0 538.0
scab 0.0134938825 1031.0 594.0 1082.0 666.0
scab 0.012905491000000002 588.0 209.0 662.0 335.0
scab 0.012859273999999999 778.0 544.0 820.0 625.0
rust 0.012541245 578.0 113.0 607.0 151.0
rust 0.012454205 1077.0 781.0 1121.0 852.0
scab 0.01217223 819.0 466.0 863.0 539.0
scab 0.012123987 783.0 487.0 824.0 555.0
scab 0.011839873999999998 1386.0 735.0 1417.0 784.0
rust 0.011695741 1037.0 86.0 1086.0 156.0
scab 0.01135951 841.0 459.0 983.0 705.0
rust 0.011174708 174.0 975.0 222.0 1047.0
scab 0.011160351 721.0 482.0 853.0 590.0
scab 0.0110181635 823.0 615.0 869.0 691.0
scab 0.010616806999999999 752.0 785.0 796.0 855.0
rust 0.010133834 901.0 881.0 946.0 941.0
scab 0.0101273535 701.0 525.0 788.0 700.0
