rust 0.69082683 750.0 1163.0 800.0 1242.0
rust 0.67964417 1149.0 618.0 1224.0 806.0
rust 0.621132 796.0 278.0 850.0 497.0
rust 0.6056694 489.0 649.0 561.0 842.0
scab 0.41281158 1649.0 550.0 1727.0 705.0
rust 0.33766094 276.0 847.0 306.0 888.0
scab 0.119575225 1215.0 846.0 1289.0 984.0
rust 0.11047515 963.0 398.0 991.0 436.0
rust 0.10127507 1122.0 659.0 1247.0 771.0
scab 0.1004034 1594.0 580.0 1634.0 642.0
rust 0.09861798599999999 920.0 1213.0 970.0 1293.0
scab 0.097598545 1227.0 863.0 1276.0 952.0
rust 0.090132385 461.0 685.0 591.0 804.0
scab 0.08449902 1664.0 590.0 1724.0 670.0
rust 0.083720766 151.0 3.0 217.0 94.0
scab 0.082366355 1548.0 648.0 1595.0 737.0
scab 0.07678973 1461.0 620.0 1505.0 689.0
scab 0.07298867 1545.0 488.0 1591.0 559.0
scab 0.06779835 1610.0 703.0 1655.0 775.0
scab 0.057055275999999995 892.0 700.0 933.0 766.0
rust 0.05686142 498.0 703.0 584.0 772.0
scab 0.05316904 1428.0 584.0 1506.0 729.0
rust 0.052794296 1136.0 1275.0 1187.0 1358.0
scab 0.049954396 1519.0 636.0 1601.0 765.0
scab 0.046245873 627.0 992.0 673.0 1068.0
scab 0.045767654000000005 1676.0 744.0 1718.0 812.0
scab 0.044410887999999996 1154.0 604.0 1241.0 822.0
rust 0.043703042000000004 1649.0 550.0 1727.0 705.0
rust 0.04088684 294.0 476.0 335.0 572.0
scab 0.039233778 1656.0 829.0 1698.0 902.0
scab 0.038767382999999996 611.0 980.0 657.0 1047.0
scab 0.03530009 1165.0 885.0 1206.0 964.0
scab 0.03367007 692.0 1043.0 733.0 1105.0
scab 0.03319847 1295.0 694.0 1337.0 775.0
scab 0.032364417 489.0 649.0 561.0 842.0
scab 0.032303452 1459.0 477.0 1500.0 532.0
rust 0.030924845 1118.0 581.0 1242.0 836.0
rust 0.02953661 753.0 314.0 900.0 441.0
scab 0.028363512999999996 1246.0 575.0 1291.0 646.0
scab 0.028131764 1468.0 714.0 1494.0 751.0
scab 0.027900811 1382.0 691.0 1410.0 730.0
rust 0.027051778999999998 1594.0 580.0 1634.0 642.0
scab 0.02673972 618.0 967.0 693.0 1115.0
rust 0.026433526000000002 479.0 696.0 531.0 811.0
scab 0.025918946 736.0 1056.0 784.0 1135.0
scab 0.02525388 1398.0 232.0 1469.0 399.0
scab 0.02435922 1217.0 357.0 1302.0 537.0
scab 0.024118817999999997 963.0 398.0 991.0 436.0
scab 0.02410581 1417.0 594.0 1458.0 668.0
rust 0.02252474 1492.0 798.0 1518.0 837.0
scab 0.022277457999999997 1548.0 642.0 1631.0 771.0
scab 0.020539185 1517.0 462.0 1597.0 604.0
scab 0.020452593999999998 754.0 1067.0 800.0 1132.0
scab 0.020185094 1387.0 555.0 1473.0 695.0
rust 0.01912592 756.0 1180.0 792.0 1226.0
scab 0.018706046 1492.0 798.0 1518.0 837.0
scab 0.018528672 1268.0 672.0 1344.0 824.0
scab 0.017667705 1689.0 318.0 1776.0 499.0
scab 0.01726732 276.0 847.0 306.0 888.0
scab 0.016793073999999998 1816.0 359.0 1896.0 525.0
scab 0.014625625 1204.0 383.0 1289.0 448.0
scab 0.013783296 275.0 578.0 356.0 746.0
scab 0.013095687 1610.0 516.0 1651.0 575.0
scab 0.012972528999999998 750.0 1163.0 800.0 1242.0
scab 0.012085996000000002 1307.0 683.0 1347.0 752.0
rust 0.011911543 1632.0 593.0 1723.0 669.0
scab 0.011870418999999998 1294.0 678.0 1379.0 825.0
scab 0.011828665 1641.0 800.0 1720.0 953.0
scab 0.011591541 1195.0 871.0 1318.0 953.0
scab 0.01158821 1469.0 881.0 1554.0 1048.0
rust 0.011451471000000001 781.0 336.0 864.0 420.0
scab 0.01115412 564.0 901.0 602.0 960.0
scab 0.010735791000000001 1005.0 1041.0 1079.0 1211.0
scab 0.010697221000000002 1862.0 618.0 1942.0 795.0
scab 0.010591973999999999 1122.0 659.0 1247.0 771.0
scab 0.010533866499999999 619.0 991.0 648.0 1036.0
scab 0.010403973 1289.0 421.0 1331.0 499.0
