scab 0.5242537 1419.0 141.0 1509.0 308.0
rust 0.49834153 353.0 404.0 399.0 473.0
scab 0.41613156 1181.0 138.0 1273.0 316.0
scab 0.3275276 1257.0 930.0 1351.0 1090.0
scab 0.3265567 964.0 427.0 1016.0 490.0
scab 0.31815222 318.0 701.0 411.0 881.0
scab 0.26785254 660.0 761.0 756.0 901.0
scab 0.24412432 654.0 956.0 749.0 1119.0
scab 0.21562545 653.0 365.0 750.0 511.0
rust 0.21258379999999996 661.0 168.0 713.0 231.0
scab 0.20529479 677.0 496.0 717.0 562.0
scab 0.19954216 952.0 673.0 1050.0 818.0
scab 0.19517946 669.0 248.0 744.0 370.0
scab 0.19437437 746.0 708.0 840.0 871.0
scab 0.19362316 406.0 927.0 506.0 1069.0
scab 0.17677619 580.0 712.0 657.0 860.0
scab 0.17175278 449.0 591.0 536.0 734.0
scab 0.16142221 1098.0 547.0 1148.0 623.0
scab 0.14760038 575.0 797.0 663.0 941.0
scab 0.13899204 831.0 195.0 906.0 340.0
scab 0.13675854 918.0 666.0 1011.0 822.0
scab 0.12881534 825.0 1042.0 920.0 1210.0
scab 0.12499932 1085.0 508.0 1163.0 660.0
scab 0.11466881 534.0 473.0 611.0 600.0
scab 0.11462665 395.0 787.0 440.0 850.0
scab 0.11242649 577.0 554.0 670.0 695.0
scab 0.10908011 325.0 644.0 418.0 779.0
scab 0.106831186 461.0 631.0 509.0 714.0
scab 0.10662600400000001 1302.0 292.0 1379.0 436.0
scab 0.10631597 748.0 209.0 820.0 358.0
scab 0.10571382 963.0 1141.0 1051.0 1296.0
scab 0.10349887599999999 1132.0 345.0 1219.0 479.0
scab 0.10266711 614.0 1090.0 710.0 1252.0
scab 0.09820909 1074.0 1132.0 1121.0 1200.0
scab 0.097670965 796.0 768.0 845.0 832.0
scab 0.095302045 696.0 1097.0 793.0 1256.0
scab 0.095250584 652.0 1092.0 754.0 1254.0
scab 0.09424875 871.0 715.0 961.0 857.0
scab 0.09263601 836.0 212.0 889.0 287.0
scab 0.090678565 716.0 958.0 758.0 1029.0
scab 0.08915548 522.0 589.0 568.0 664.0
scab 0.086780265 886.0 748.0 934.0 814.0
scab 0.08559655 350.0 675.0 401.0 753.0
scab 0.08441406 846.0 684.0 884.0 747.0
scab 0.08354629 490.0 723.0 565.0 847.0
scab 0.08293933 1043.0 1100.0 1131.0 1240.0
scab 0.08150210000000001 821.0 954.0 910.0 1133.0
scab 0.07954325 1138.0 80.0 1310.0 317.0
scab 0.0791681 1316.0 313.0 1358.0 394.0
scab 0.07800235 995.0 968.0 1084.0 1122.0
scab 0.07687346 1220.0 967.0 1315.0 1114.0
scab 0.07653499 522.0 1006.0 618.0 1169.0
scab 0.074136674 330.0 759.0 381.0 838.0
scab 0.07207211 1217.0 370.0 1306.0 507.0
scab 0.0713084 1188.0 80.0 1256.0 236.0
scab 0.07078157 711.0 1165.0 756.0 1250.0
scab 0.07061677 570.0 334.0 663.0 479.0
scab 0.07042111 1087.0 1059.0 1175.0 1207.0
scab 0.06945924 1244.0 405.0 1329.0 468.0
scab 0.06939588 691.0 927.0 784.0 1080.0
scab 0.06890885 442.0 889.0 535.0 1050.0
scab 0.06729864 958.0 968.0 1051.0 1116.0
scab 0.06324268 613.0 348.0 709.0 483.0
scab 0.06241863 739.0 1093.0 836.0 1247.0
scab 0.0624154 874.0 631.0 960.0 774.0
scab 0.062385265 1499.0 1016.0 1545.0 1095.0
scab 0.062304899999999996 1038.0 834.0 1123.0 1003.0
scab 0.061610818 1016.0 1014.0 1063.0 1089.0
scab 0.061519917 489.0 549.0 576.0 697.0
scab 0.061164707 527.0 536.0 622.0 699.0
scab 0.061005595999999995 838.0 1186.0 927.0 1319.0
scab 0.060087718 1125.0 1082.0 1166.0 1157.0
scab 0.059637345 603.0 829.0 651.0 902.0
scab 0.058676865 504.0 735.0 552.0 819.0
scab 0.057829447 785.0 1096.0 874.0 1238.0
scab 0.056078363 605.0 589.0 655.0 667.0
scab 0.055681225 497.0 962.0 541.0 1025.0
scab 0.055189907999999996 1419.0 422.0 1468.0 494.0
scab 0.05426168 1163.0 344.0 1262.0 480.0
scab 0.053501245 592.0 293.0 632.0 359.0
scab 0.05316746 760.0 285.0 802.0 374.0
scab 0.05200241 1122.0 1055.0 1217.0 1209.0
scab 0.051362008 563.0 1001.0 610.0 1067.0
scab 0.05132408 559.0 500.0 606.0 584.0
scab 0.049708800000000004 491.0 1022.0 585.0 1159.0
scab 0.049654283 1309.0 474.0 1349.0 535.0
scab 0.049494363 990.0 672.0 1087.0 817.0
scab 0.04894277 615.0 575.0 697.0 722.0
scab 0.047802392 671.0 991.0 717.0 1076.0
rust 0.04691079 1149.0 230.0 1173.0 267.0
scab 0.045079783 917.0 929.0 1006.0 1076.0
scab 0.044948716 988.0 1162.0 1036.0 1240.0
scab 0.044264782 1139.0 382.0 1226.0 446.0
rust 0.044125482 964.0 427.0 1016.0 490.0
scab 0.043695975 694.0 781.0 742.0 864.0
scab 0.04342615 616.0 759.0 712.0 910.0
scab 0.04219329 739.0 227.0 785.0 301.0
scab 0.040735293 1502.0 444.0 1550.0 516.0
scab 0.04058977 353.0 404.0 399.0 473.0
scab 0.040513642 438.0 391.0 485.0 474.0
scab 0.03933157 1013.0 696.0 1059.0 774.0
scab 0.038875956 793.0 923.0 880.0 1084.0
rust 0.038828228 672.0 181.0 705.0 217.0
scab 0.038591716 711.0 218.0 790.0 359.0
scab 0.038195573 567.0 663.0 604.0 722.0
scab 0.036995407 848.0 1213.0 890.0 1284.0
scab 0.03673358 744.0 890.0 832.0 1031.0
scab 0.036561023 621.0 941.0 710.0 1077.0
scab 0.036212035 968.0 702.0 1014.0 778.0
scab 0.036125835 1009.0 1085.0 1053.0 1161.0
scab 0.035933903999999996 1149.0 230.0 1173.0 267.0
rust 0.035667516 677.0 496.0 717.0 562.0
scab 0.035172034 353.0 548.0 393.0 616.0
scab 0.03497471 784.0 749.0 873.0 892.0
scab 0.034631345 376.0 924.0 458.0 1076.0
scab 0.033686027 688.0 388.0 740.0 481.0
scab 0.033677958 1203.0 773.0 1248.0 834.0
scab 0.033314254 421.0 386.0 465.0 449.0
rust 0.03314032 1262.0 331.0 1287.0 368.0
scab 0.033111528 683.0 257.0 733.0 331.0
scab 0.032300342 972.0 934.0 1014.0 1006.0
scab 0.0316796 763.0 726.0 892.0 846.0
scab 0.031229164 1038.0 931.0 1081.0 1007.0
scab 0.030987417000000003 587.0 590.0 635.0 665.0
scab 0.030875145 950.0 977.0 991.0 1052.0
scab 0.030647032 1262.0 331.0 1287.0 368.0
scab 0.030501034 504.0 1052.0 549.0 1136.0
scab 0.030068473999999998 482.0 883.0 571.0 1039.0
scab 0.029820537 1297.0 240.0 1322.0 281.0
scab 0.029534897 354.0 757.0 449.0 885.0
scab 0.02888972 1042.0 920.0 1125.0 1076.0
scab 0.028884396 1084.0 663.0 1168.0 822.0
scab 0.028716752 1416.0 200.0 1468.0 286.0
scab 0.028396219 899.0 456.0 925.0 493.0
scab 0.02830858 703.0 722.0 794.0 877.0
scab 0.028255837000000002 1388.0 108.0 1551.0 295.0
scab 0.027822297000000003 1457.0 146.0 1504.0 222.0
scab 0.027599562 959.0 375.0 1031.0 531.0
rust 0.027125739 1419.0 141.0 1509.0 308.0
scab 0.027104035 571.0 1089.0 668.0 1250.0
scab 0.02670123 571.0 972.0 660.0 1116.0
scab 0.026652979 1008.0 210.0 1050.0 274.0
scab 0.026330218 1003.0 876.0 1096.0 1042.0
scab 0.026228362999999998 290.0 722.0 378.0 866.0
scab 0.026067947999999997 864.0 1059.0 956.0 1196.0
scab 0.02590578 420.0 837.0 461.0 897.0
scab 0.024797918 923.0 674.0 968.0 748.0
scab 0.024746189 623.0 591.0 676.0 670.0
rust 0.024641829 899.0 456.0 925.0 493.0
scab 0.024384687000000002 1178.0 385.0 1271.0 448.0
