scab 0.29251918 816.0 837.0 928.0 990.0
scab 0.27822948 820.0 682.0 929.0 819.0
scab 0.25936195 1040.0 702.0 1127.0 864.0
scab 0.23045729999999998 1161.0 542.0 1249.0 706.0
scab 0.22617681 1331.0 550.0 1377.0 625.0
scab 0.21700089 675.0 675.0 758.0 807.0
scab 0.18783857 442.0 764.0 524.0 901.0
scab 0.18192606 1175.0 674.0 1268.0 813.0
scab 0.16458796 953.0 596.0 1033.0 737.0
scab 0.15432957 648.0 813.0 693.0 872.0
scab 0.1500105 1481.0 503.0 1561.0 654.0
scab 0.14833836 1053.0 713.0 1103.0 798.0
scab 0.14409424 1460.0 612.0 1508.0 692.0
scab 0.1304857 694.0 689.0 744.0 780.0
scab 0.11394475400000001 1169.0 614.0 1211.0 692.0
scab 0.112618595 969.0 654.0 1017.0 729.0
scab 0.10614329 1311.0 677.0 1355.0 753.0
scab 0.091833875 1075.0 602.0 1119.0 664.0
scab 0.09141346 601.0 885.0 652.0 960.0
scab 0.08776537 771.0 639.0 815.0 702.0
scab 0.08319994 457.0 780.0 507.0 867.0
scab 0.08116112 953.0 737.0 998.0 813.0
scab 0.07440353 953.0 718.0 1042.0 862.0
scab 0.072961375 1048.0 554.0 1123.0 695.0
scab 0.07238954 884.0 707.0 936.0 798.0
scab 0.07168314 1851.0 750.0 1950.0 914.0
scab 0.05896158 538.0 715.0 613.0 862.0
scab 0.054686062 543.0 740.0 588.0 818.0
scab 0.05359834 797.0 704.0 879.0 847.0
rust 0.052892584000000006 1953.0 1271.0 1983.0 1308.0
scab 0.052729063 1139.0 574.0 1224.0 728.0
rust 0.05162768400000001 1331.0 550.0 1377.0 625.0
scab 0.05100246 578.0 839.0 657.0 984.0
scab 0.04751569 850.0 686.0 976.0 799.0
scab 0.04687215 948.0 607.0 995.0 686.0
scab 0.046446573 919.0 717.0 1006.0 860.0
scab 0.037642937 842.0 869.0 890.0 948.0
scab 0.034393054 1179.0 548.0 1229.0 628.0
scab 0.033993453 948.0 799.0 992.0 884.0
rust 0.033912774 1387.0 610.0 1411.0 647.0
scab 0.032595099999999995 1432.0 594.0 1518.0 732.0
scab 0.0319941 218.0 814.0 263.0 879.0
scab 0.03191576 707.0 682.0 754.0 755.0
scab 0.031068375 849.0 851.0 971.0 963.0
scab 0.030116417000000003 284.0 731.0 325.0 792.0
scab 0.028561693 1204.0 701.0 1254.0 780.0
scab 0.028424496 1861.0 811.0 1954.0 876.0
scab 0.028366377999999998 1053.0 607.0 1103.0 692.0
scab 0.027555056 1392.0 644.0 1437.0 712.0
scab 0.027407695 933.0 792.0 974.0 855.0
scab 0.02632949 1500.0 527.0 1552.0 609.0
scab 0.026112646 822.0 706.0 869.0 807.0
scab 0.02611128 1138.0 581.0 1284.0 835.0
scab 0.025921298 697.0 634.0 780.0 797.0
scab 0.024657885 348.0 811.0 392.0 880.0
scab 0.024578579 1312.0 541.0 1382.0 684.0
scab 0.02406828 545.0 821.0 592.0 897.0
scab 0.023136152000000004 922.0 621.0 1011.0 776.0
rust 0.02302504 1460.0 612.0 1508.0 692.0
scab 0.021918097999999997 787.0 802.0 880.0 970.0
scab 0.020148924 754.0 840.0 841.0 992.0
scab 0.019172208 1212.0 694.0 1292.0 867.0
scab 0.018667371999999998 1041.0 824.0 1083.0 903.0
scab 0.018084748 966.0 602.0 1015.0 660.0
scab 0.01797117 613.0 799.0 703.0 950.0
scab 0.017284721 711.0 815.0 753.0 877.0
scab 0.017139686 1304.0 631.0 1388.0 780.0
scab 0.016999025 1137.0 676.0 1224.0 814.0
scab 0.015789848000000002 1387.0 610.0 1411.0 647.0
scab 0.015115742 1924.0 809.0 1972.0 882.0
scab 0.015035161000000002 1522.0 404.0 1599.0 576.0
scab 0.01501419 1207.0 621.0 1292.0 800.0
scab 0.014941095 961.0 752.0 990.0 799.0
scab 0.014661493999999999 698.0 805.0 784.0 943.0
scab 0.014313266000000002 657.0 803.0 746.0 939.0
rust 0.013855195 1563.0 54.0 1613.0 133.0
scab 0.013694112 719.0 859.0 877.0 965.0
scab 0.013605507 834.0 720.0 936.0 791.0
scab 0.013396951 1340.0 627.0 1431.0 770.0
scab 0.013379311000000001 1462.0 565.0 1545.0 746.0
scab 0.013322572 586.0 880.0 638.0 944.0
scab 0.013145556999999999 381.0 785.0 533.0 879.0
scab 0.0129719945 278.0 744.0 365.0 916.0
scab 0.012899259 537.0 796.0 621.0 944.0
scab 0.012825550500000001 318.0 797.0 402.0 937.0
scab 0.012767073 1245.0 783.0 1292.0 855.0
scab 0.012631218999999999 1814.0 751.0 1910.0 906.0
scab 0.012144098999999998 1362.0 655.0 1439.0 726.0
scab 0.012131203 1005.0 689.0 1092.0 819.0
scab 0.011962803000000001 1165.0 697.0 1206.0 774.0
scab 0.011360135 956.0 612.0 986.0 657.0
scab 0.011201566999999999 1001.0 746.0 1094.0 906.0
rust 0.010976965 1509.0 669.0 1536.0 710.0
scab 0.010674538999999999 1803.0 805.0 1848.0 878.0
scab 0.010363109 795.0 883.0 842.0 973.0
scab 0.010354063 1383.0 625.0 1467.0 768.0
scab 0.010344845 837.0 697.0 885.0 779.0
scab 0.010344446 1045.0 607.0 1124.0 798.0
scab 0.010325439 612.0 904.0 642.0 949.0
scab 0.010209165 157.0 819.0 206.0 905.0
scab 0.010205839 978.0 672.0 1008.0 718.0
scab 0.010153177 708.0 675.0 880.0 802.0
scab 0.0100168735 969.0 787.0 1015.0 856.0
