rust 0.60503334 1353.0 731.0 1400.0 796.0
rust 0.59715056 1303.0 666.0 1350.0 726.0
rust 0.5726456999999999 1396.0 678.0 1441.0 745.0
rust 0.11728173 915.0 891.0 947.0 932.0
rust 0.11351327 1206.0 250.0 1235.0 288.0
scab 0.05623462 911.0 884.0 950.0 939.0
scab 0.05380348 1181.0 875.0 1224.0 944.0
scab 0.048016135 1396.0 678.0 1441.0 745.0
scab 0.027063983 813.0 543.0 840.0 582.0
rust 0.026308276000000002 317.0 674.0 341.0 711.0
scab 0.02282591 1303.0 666.0 1350.0 726.0
rust 0.021415432999999998 667.0 1163.0 719.0 1245.0
scab 0.01859294 1353.0 731.0 1398.0 809.0
rust 0.017109865 1985.0 667.0 2037.0 752.0
rust 0.016536351 1181.0 875.0 1224.0 944.0
scab 0.016285067 715.0 1006.0 765.0 1075.0
scab 0.013633786 317.0 674.0 341.0 711.0
rust 0.013612184 813.0 543.0 840.0 582.0
rust 0.013129696000000001 1988.0 766.0 2037.0 841.0
rust 0.013116576000000001 1177.0 901.0 1203.0 942.0
rust 0.012964836 1170.0 1033.0 1196.0 1068.0
scab 0.012721775 1206.0 250.0 1235.0 288.0
scab 0.011877815 1170.0 885.0 1211.0 960.0
rust 0.010754966999999999 997.0 1033.0 1025.0 1072.0
