scab 0.6136172 500.0 369.0 585.0 539.0
scab 0.59199 1210.0 588.0 1300.0 749.0
scab 0.55874753 738.0 635.0 835.0 792.0
scab 0.51859075 267.0 713.0 367.0 883.0
scab 0.4579362 840.0 528.0 936.0 690.0
scab 0.42914087 1387.0 758.0 1468.0 924.0
scab 0.39809862 1293.0 689.0 1378.0 878.0
scab 0.3792888 1054.0 770.0 1145.0 908.0
scab 0.37776533 398.0 504.0 487.0 657.0
scab 0.367521 989.0 868.0 1087.0 1052.0
scab 0.33819303 407.0 665.0 501.0 808.0
scab 0.31626156 1076.0 556.0 1182.0 756.0
scab 0.25000429999999996 656.0 806.0 741.0 958.0
scab 0.21996906 372.0 808.0 463.0 961.0
scab 0.20565072 310.0 512.0 407.0 654.0
scab 0.19270383 478.0 565.0 568.0 736.0
scab 0.18184638 186.0 544.0 286.0 690.0
rust 0.17778678 579.0 854.0 637.0 921.0
scab 0.17735889999999999 1355.0 484.0 1436.0 641.0
scab 0.15626927 1010.0 954.0 1103.0 1109.0
scab 0.12336723 1037.0 620.0 1138.0 766.0
scab 0.11591251 73.0 540.0 148.0 689.0
scab 0.107306264 1952.0 24.0 2028.0 193.0
scab 0.10645385 441.0 544.0 545.0 702.0
scab 0.10124434 651.0 850.0 730.0 923.0
scab 0.09718885 571.0 412.0 662.0 585.0
scab 0.09538342 158.0 553.0 247.0 697.0
scab 0.09258758 805.0 961.0 848.0 1026.0
scab 0.0895677 1021.0 669.0 1065.0 758.0
scab 0.08926150000000001 579.0 854.0 637.0 921.0
scab 0.076289706 227.0 360.0 308.0 516.0
scab 0.07109089 1251.0 415.0 1296.0 489.0
scab 0.065624066 224.0 532.0 324.0 686.0
scab 0.06001535400000001 1116.0 546.0 1205.0 704.0
scab 0.05927782 1388.0 988.0 1470.0 1163.0
scab 0.05769269 1013.0 630.0 1096.0 764.0
scab 0.056044005 243.0 551.0 293.0 627.0
scab 0.05414103 432.0 597.0 530.0 807.0
scab 0.053810365 274.0 528.0 373.0 683.0
scab 0.052917085999999995 1121.0 485.0 1162.0 561.0
scab 0.05151645 1476.0 498.0 1547.0 678.0
scab 0.04653561 306.0 550.0 392.0 624.0
scab 0.04538916 793.0 932.0 870.0 1075.0
scab 0.044316627000000004 1040.0 33.0 1110.0 195.0
scab 0.043701727 398.0 541.0 580.0 788.0
scab 0.042645555 1368.0 508.0 1427.0 587.0
scab 0.038897347 1054.0 405.0 1102.0 475.0
rust 0.037692998 1619.0 21.0 1671.0 95.0
scab 0.037212953 1007.0 883.0 1056.0 975.0
scab 0.036827818 717.0 621.0 754.0 678.0
rust 0.03663294 500.0 369.0 585.0 539.0
scab 0.03614309 181.0 604.0 228.0 693.0
scab 0.035270236 1262.0 745.0 1356.0 908.0
scab 0.03335687 229.0 655.0 266.0 721.0
scab 0.032795757 1113.0 782.0 1161.0 866.0
scab 0.03217278 414.0 562.0 466.0 648.0
scab 0.031425755 1481.0 550.0 1534.0 633.0
scab 0.030379545 607.0 617.0 698.0 791.0
scab 0.029850096 309.0 531.0 360.0 608.0
scab 0.028023431 455.0 722.0 502.0 798.0
scab 0.027974733999999998 948.0 905.0 1081.0 1011.0
scab 0.025754344 581.0 658.0 664.0 827.0
scab 0.024448917999999997 495.0 405.0 642.0 578.0
scab 0.024203405 362.0 532.0 451.0 680.0
scab 0.023803687 676.0 656.0 843.0 761.0
scab 0.02312858 603.0 461.0 653.0 546.0
scab 0.022529297 1012.0 771.0 1166.0 982.0
scab 0.022141717 771.0 670.0 824.0 760.0
scab 0.021907466 374.0 510.0 522.0 733.0
scab 0.021547168 1018.0 65.0 1097.0 131.0
scab 0.021259258 106.0 547.0 189.0 693.0
rust 0.020135498 1054.0 405.0 1102.0 475.0
rust 0.020056285 1733.0 889.0 1796.0 1119.0
scab 0.01986544 584.0 827.0 753.0 930.0
scab 0.01963956 71.0 543.0 122.0 630.0
scab 0.019529253 1033.0 998.0 1121.0 1074.0
scab 0.019381445 1396.0 784.0 1441.0 863.0
scab 0.019365922 1202.0 630.0 1293.0 710.0
scab 0.018956287 1310.0 751.0 1478.0 903.0
scab 0.01892645 609.0 447.0 695.0 607.0
scab 0.018211601 284.0 763.0 333.0 841.0
scab 0.018188098 966.0 858.0 1053.0 998.0
rust 0.018123768000000002 1021.0 669.0 1065.0 758.0
scab 0.018014231999999998 760.0 1020.0 802.0 1094.0
scab 0.01776985 302.0 751.0 395.0 897.0
rust 0.017683495 1020.0 38.0 1095.0 192.0
scab 0.01747034 1013.0 998.0 1060.0 1078.0
rust 0.017275546 1251.0 415.0 1296.0 489.0
scab 0.017191533000000002 970.0 776.0 1116.0 1071.0
scab 0.01692752 1331.0 808.0 1373.0 883.0
scab 0.016578563 415.0 692.0 462.0 776.0
rust 0.016497553999999998 840.0 528.0 936.0 690.0
scab 0.016239397 1907.0 0.0 2048.0 219.0
scab 0.015671914 1071.0 634.0 1121.0 715.0
scab 0.015574698 432.0 550.0 478.0 631.0
scab 0.015568708 515.0 397.0 568.0 479.0
scab 0.0155106 823.0 1025.0 863.0 1087.0
scab 0.015388108000000001 241.0 398.0 293.0 479.0
scab 0.0145485625 706.0 456.0 785.0 618.0
scab 0.013770846000000002 199.0 597.0 243.0 667.0
scab 0.013643633999999998 731.0 695.0 824.0 771.0
scab 0.013590838000000001 395.0 839.0 444.0 933.0
scab 0.013574596000000001 1399.0 814.0 1447.0 911.0
scab 0.013312227 1120.0 581.0 1170.0 679.0
rust 0.013186716000000001 1150.0 458.0 1173.0 496.0
scab 0.013051476000000001 1223.0 614.0 1278.0 694.0
scab 0.012723328 1184.0 612.0 1274.0 771.0
scab 0.012664925 461.0 632.0 505.0 713.0
rust 0.012518708 588.0 866.0 625.0 910.0
rust 0.0124984 1355.0 484.0 1436.0 641.0
scab 0.012323832 1077.0 827.0 1122.0 903.0
rust 0.012315386999999999 1210.0 588.0 1300.0 749.0
rust 0.0121901855 1624.0 37.0 1654.0 78.0
scab 0.0121414205 1055.0 846.0 1100.0 918.0
scab 0.012070649 1246.0 526.0 1284.0 597.0
scab 0.01151484 180.0 424.0 263.0 493.0
scab 0.011073662 261.0 783.0 353.0 854.0
scab 0.011067295 370.0 675.0 459.0 810.0
scab 0.010965184 588.0 477.0 635.0 566.0
scab 0.010641321 225.0 567.0 305.0 644.0
scab 0.010420401999999999 34.0 516.0 190.0 725.0
rust 0.01038836 162.0 761.0 204.0 837.0
scab 0.010171193 995.0 1020.0 1075.0 1087.0
scab 0.010150221999999999 516.0 586.0 563.0 673.0
scab 0.010085033 871.0 558.0 951.0 730.0
scab 0.010063486 1353.0 600.0 1392.0 662.0
