rust 0.7105686999999999 894.0 514.0 952.0 695.0
rust 0.53593475 1534.0 761.0 1598.0 902.0
rust 0.42053628 1535.0 603.0 1599.0 770.0
rust 0.3366416 793.0 806.0 891.0 874.0
rust 0.31888804 1165.0 941.0 1253.0 1004.0
rust 0.30084708 1327.0 775.0 1380.0 943.0
scab 0.16587506 1563.0 922.0 1610.0 973.0
rust 0.13231762 1520.0 797.0 1614.0 876.0
rust 0.13074608 808.0 763.0 868.0 920.0
rust 0.122220546 1316.0 813.0 1392.0 885.0
scab 0.07726055400000001 1534.0 761.0 1598.0 902.0
rust 0.066055894 169.0 742.0 223.0 822.0
scab 0.05905529 1526.0 583.0 1605.0 770.0
scab 0.05062787 1677.0 644.0 1723.0 703.0
rust 0.04569756 1502.0 636.0 1596.0 715.0
rust 0.043844048 858.0 560.0 982.0 656.0
scab 0.03334988 1269.0 382.0 1320.0 454.0
rust 0.02918769 1563.0 922.0 1610.0 973.0
scab 0.024384033 808.0 763.0 868.0 920.0
scab 0.021184249 894.0 514.0 952.0 695.0
scab 0.020126205 1163.0 635.0 1204.0 701.0
rust 0.019116003 243.0 758.0 274.0 797.0
scab 0.018353838 1502.0 636.0 1596.0 715.0
scab 0.018102827 1327.0 775.0 1380.0 943.0
rust 0.01793578 1541.0 637.0 1631.0 713.0
rust 0.017853964 1189.0 905.0 1242.0 1077.0
scab 0.017755719 1182.0 289.0 1232.0 424.0
scab 0.017340546000000002 1734.0 727.0 1776.0 787.0
rust 0.017133085 1182.0 289.0 1232.0 424.0
scab 0.016906925 135.0 640.0 184.0 699.0
rust 0.016143037 811.0 1028.0 841.0 1069.0
scab 0.015723778 1520.0 797.0 1614.0 876.0
scab 0.015441928999999998 1675.0 720.0 1714.0 795.0
scab 0.014886199499999999 796.0 799.0 858.0 880.0
rust 0.013960013 144.0 651.0 178.0 687.0
scab 0.013868189 1700.0 652.0 1729.0 696.0
scab 0.011677246 1571.0 734.0 1598.0 774.0
rust 0.010296129000000001 1557.0 791.0 1607.0 864.0
rust 0.010153783000000001 1503.0 555.0 1620.0 777.0
