scab 0.2105208 621.0 397.0 669.0 472.0
scab 0.19833176 1214.0 669.0 1303.0 837.0
scab 0.18705423 915.0 543.0 1001.0 688.0
scab 0.18503167 667.0 767.0 711.0 836.0
scab 0.1651884 1165.0 481.0 1204.0 553.0
scab 0.16113263 694.0 547.0 741.0 622.0
scab 0.13090815 451.0 426.0 515.0 574.0
scab 0.12336898 632.0 490.0 680.0 561.0
scab 0.12325567 1085.0 896.0 1169.0 1034.0
scab 0.10577852 1008.0 405.0 1079.0 555.0
scab 0.09251591 1096.0 928.0 1148.0 1007.0
scab 0.08961066599999999 941.0 487.0 988.0 551.0
scab 0.08701302 1395.0 480.0 1441.0 567.0
scab 0.08627201 1013.0 437.0 1064.0 523.0
scab 0.07997546 287.0 513.0 371.0 638.0
scab 0.07929163 997.0 674.0 1085.0 825.0
scab 0.077099755 1097.0 717.0 1144.0 797.0
scab 0.07700184 887.0 848.0 927.0 921.0
scab 0.07694608 393.0 547.0 437.0 621.0
scab 0.074430145 1483.0 779.0 1531.0 862.0
scab 0.07364019999999999 760.0 742.0 803.0 816.0
scab 0.071077734 709.0 665.0 789.0 811.0
scab 0.06857284 995.0 921.0 1082.0 1088.0
scab 0.06683451 1127.0 755.0 1212.0 904.0
scab 0.06125631 872.0 679.0 958.0 822.0
scab 0.060260400000000006 841.0 370.0 912.0 509.0
scab 0.057586525 1028.0 719.0 1075.0 798.0
scab 0.05531754 846.0 397.0 895.0 482.0
scab 0.05093836400000001 1123.0 541.0 1206.0 691.0
scab 0.050831705 503.0 661.0 547.0 730.0
scab 0.05072691 547.0 421.0 592.0 501.0
scab 0.049673628 1057.0 810.0 1103.0 885.0
scab 0.044830475 591.0 734.0 635.0 814.0
scab 0.043920163 1081.0 460.0 1119.0 548.0
scab 0.04367293 672.0 618.0 714.0 687.0
scab 0.04053977 1084.0 678.0 1166.0 819.0
scab 0.038748838 1421.0 839.0 1506.0 987.0
scab 0.034434367 1299.0 794.0 1380.0 947.0
scab 0.032682896 536.0 548.0 616.0 695.0
scab 0.032231476 885.0 719.0 931.0 802.0
scab 0.031513914 1596.0 799.0 1685.0 961.0
scab 0.03095183 306.0 518.0 355.0 610.0
scab 0.030161964 929.0 583.0 977.0 673.0
scab 0.030001545 1092.0 505.0 1175.0 661.0
scab 0.029881725 824.0 612.0 864.0 681.0
scab 0.029478699 710.0 402.0 753.0 480.0
scab 0.028164916 1270.0 566.0 1308.0 653.0
scab 0.027981392999999997 968.0 722.0 1011.0 794.0
scab 0.027753871 963.0 704.0 1050.0 864.0
scab 0.027682747999999997 1471.0 756.0 1543.0 896.0
scab 0.025416879 1390.0 427.0 1468.0 556.0
rust 0.025079561 667.0 767.0 711.0 836.0
scab 0.025067274 720.0 693.0 763.0 778.0
scab 0.023993274 492.0 628.0 572.0 772.0
scab 0.023701552 1039.0 674.0 1136.0 822.0
scab 0.02333892 547.0 605.0 588.0 691.0
scab 0.023057297 1164.0 762.0 1206.0 841.0
scab 0.022294875 663.0 631.0 751.0 771.0
scab 0.021571307999999997 940.0 497.0 970.0 543.0
scab 0.021391146 1420.0 865.0 1466.0 942.0
scab 0.021231882 666.0 506.0 744.0 651.0
scab 0.021067275 1230.0 717.0 1274.0 799.0
scab 0.02095386 1389.0 796.0 1475.0 959.0
scab 0.020695293 576.0 711.0 656.0 854.0
scab 0.020242253 418.0 639.0 459.0 707.0
scab 0.01903541 541.0 851.0 582.0 915.0
rust 0.018974613 1513.0 879.0 1540.0 920.0
scab 0.01836546 1012.0 981.0 1063.0 1053.0
scab 0.018070433 1226.0 430.0 1268.0 493.0
scab 0.017207947 732.0 671.0 778.0 761.0
rust 0.017146166 1164.0 476.0 1203.0 541.0
scab 0.01686942 1181.0 674.0 1269.0 825.0
scab 0.016819034 1459.0 451.0 1506.0 541.0
scab 0.016724596 803.0 598.0 845.0 662.0
scab 0.016711161999999998 1103.0 532.0 1144.0 605.0
scab 0.016666168000000002 461.0 593.0 506.0 666.0
scab 0.016646495 701.0 564.0 732.0 611.0
scab 0.015776137 289.0 661.0 328.0 731.0
scab 0.015614638 1435.0 749.0 1521.0 911.0
scab 0.015594357 1115.0 921.0 1161.0 987.0
rust 0.0152785 1458.0 414.0 1499.0 543.0
scab 0.01505333 629.0 414.0 661.0 460.0
scab 0.014981228000000001 364.0 511.0 441.0 636.0
scab 0.01464247 908.0 677.0 1002.0 821.0
scab 0.014417856000000001 1046.0 809.0 1124.0 928.0
scab 0.01414339 376.0 695.0 420.0 775.0
scab 0.01404398 936.0 695.0 1080.0 798.0
scab 0.014041658500000002 583.0 555.0 625.0 618.0
scab 0.013997124 419.0 462.0 503.0 597.0
scab 0.013811028999999999 831.0 625.0 859.0 668.0
scab 0.01379913 1088.0 495.0 1114.0 538.0
scab 0.013765351 1088.0 752.0 1182.0 908.0
scab 0.013629698999999999 833.0 872.0 921.0 1058.0
rust 0.013617064 621.0 397.0 669.0 472.0
scab 0.013067823999999999 880.0 934.0 925.0 1004.0
scab 0.012767271 973.0 791.0 1016.0 859.0
scab 0.012761645 440.0 715.0 483.0 796.0
scab 0.01238359 1566.0 801.0 1646.0 961.0
scab 0.012350538999999999 686.0 654.0 808.0 757.0
scab 0.0122425575 539.0 411.0 607.0 559.0
scab 0.012222141 560.0 462.0 603.0 539.0
scab 0.011782813 918.0 460.0 994.0 608.0
scab 0.011325112 739.0 320.0 784.0 387.0
scab 0.01125221 470.0 462.0 519.0 537.0
rust 0.011241753 1088.0 495.0 1114.0 538.0
scab 0.011213751999999999 1443.0 760.0 1482.0 836.0
scab 0.0110448105 736.0 662.0 822.0 828.0
scab 0.011003021000000002 1399.0 813.0 1441.0 876.0
scab 0.010645551000000001 400.0 563.0 430.0 609.0
rust 0.010586625 632.0 490.0 680.0 561.0
scab 0.010438425999999999 1116.0 543.0 1164.0 626.0
rust 0.010335165 1081.0 460.0 1119.0 548.0
scab 0.0103009725 1635.0 787.0 1727.0 961.0
scab 0.010257162 1141.0 592.0 1186.0 671.0
scab 0.010228326 947.0 543.0 1043.0 692.0
scab 0.010208324 362.0 669.0 446.0 811.0
scab 0.01011148 669.0 676.0 711.0 749.0
scab 0.01007353 1248.0 704.0 1333.0 862.0
scab 0.010049885 1338.0 756.0 1426.0 908.0
