scab 0.19965552 737.0 629.0 786.0 704.0
scab 0.17600964 474.0 546.0 523.0 618.0
scab 0.15407836 437.0 625.0 484.0 688.0
scab 0.14036688 653.0 493.0 693.0 557.0
scab 0.13723733 907.0 550.0 951.0 633.0
scab 0.13555352 562.0 743.0 611.0 813.0
scab 0.12717126 269.0 590.0 360.0 724.0
scab 0.09060089999999998 285.0 619.0 337.0 688.0
scab 0.08196289999999999 823.0 552.0 873.0 630.0
scab 0.077613845 460.0 504.0 535.0 646.0
scab 0.06463497 371.0 651.0 420.0 731.0
scab 0.04939301 361.0 594.0 451.0 744.0
scab 0.0451608 693.0 603.0 731.0 662.0
scab 0.03869531 271.0 626.0 317.0 707.0
scab 0.034210704 706.0 590.0 776.0 731.0
scab 0.02892088 1394.0 1231.0 1439.0 1306.0
scab 0.028310167 399.0 597.0 488.0 730.0
scab 0.028212516 882.0 548.0 942.0 669.0
scab 0.025212099999999998 353.0 672.0 397.0 753.0
scab 0.024562139 840.0 546.0 911.0 669.0
scab 0.023658073999999998 309.0 591.0 408.0 743.0
scab 0.017982624 745.0 645.0 777.0 693.0
scab 0.017868392 484.0 563.0 513.0 607.0
rust 0.017525537 1985.0 117.0 2042.0 200.0
scab 0.01689192 377.0 557.0 416.0 620.0
rust 0.016444612 653.0 493.0 693.0 557.0
rust 0.016389452 907.0 550.0 951.0 633.0
scab 0.016004365 246.0 585.0 286.0 664.0
scab 0.014275588999999998 569.0 757.0 602.0 803.0
scab 0.014053817 1985.0 117.0 2042.0 200.0
scab 0.013161118999999999 242.0 558.0 326.0 704.0
scab 0.013136188 334.0 618.0 481.0 712.0
scab 0.013121374 391.0 638.0 435.0 712.0
scab 0.011268793000000001 804.0 523.0 870.0 651.0
scab 0.011003888 808.0 531.0 945.0 678.0
rust 0.010620448999999999 437.0 625.0 484.0 688.0
