scab 0.30562153 1043.0 1018.0 1137.0 1162.0
scab 0.3018161 623.0 319.0 706.0 489.0
scab 0.3012538 1258.0 754.0 1355.0 903.0
scab 0.28780654 916.0 582.0 1012.0 732.0
scab 0.28467146 876.0 237.0 955.0 404.0
scab 0.27526128 1350.0 632.0 1440.0 767.0
scab 0.26811343 773.0 333.0 873.0 481.0
scab 0.25446135 619.0 494.0 711.0 649.0
scab 0.21720232 957.0 444.0 1043.0 599.0
scab 0.19109787 653.0 845.0 751.0 998.0
scab 0.1839316 1061.0 260.0 1142.0 395.0
scab 0.15960875 448.0 420.0 534.0 562.0
scab 0.15817720000000002 454.0 438.0 500.0 514.0
scab 0.15108685 565.0 789.0 664.0 958.0
scab 0.15048052 1385.0 934.0 1470.0 1083.0
scab 0.14611766 1048.0 456.0 1131.0 594.0
scab 0.13764621 1248.0 1000.0 1340.0 1166.0
scab 0.1364695 819.0 826.0 859.0 890.0
scab 0.12580541 1123.0 1016.0 1223.0 1166.0
scab 0.12125318 798.0 920.0 887.0 1067.0
scab 0.11903845 621.0 837.0 714.0 984.0
scab 0.116174296 1049.0 658.0 1096.0 727.0
scab 0.10639839599999999 1696.0 616.0 1744.0 680.0
scab 0.094516195 1069.0 478.0 1119.0 563.0
scab 0.093113825 1643.0 800.0 1726.0 968.0
scab 0.08435991 905.0 276.0 997.0 447.0
scab 0.07816212 485.0 1155.0 528.0 1221.0
scab 0.077748194 1514.0 666.0 1606.0 806.0
scab 0.06803317 1728.0 443.0 1814.0 607.0
scab 0.06769274 1214.0 842.0 1296.0 992.0
scab 0.067372195 798.0 1140.0 883.0 1285.0
scab 0.06282391 1376.0 656.0 1424.0 735.0
scab 0.062286217000000005 1166.0 1019.0 1260.0 1160.0
scab 0.06060833 657.0 470.0 751.0 616.0
scab 0.05368309 1475.0 930.0 1565.0 1066.0
scab 0.051068300000000004 994.0 1085.0 1083.0 1258.0
scab 0.048239287 1008.0 1012.0 1099.0 1163.0
scab 0.045519464 842.0 210.0 986.0 443.0
scab 0.04505266 1094.0 1040.0 1140.0 1116.0
scab 0.04457788 373.0 1093.0 450.0 1269.0
scab 0.042265493 829.0 589.0 914.0 739.0
scab 0.041909352000000004 1095.0 880.0 1178.0 1031.0
scab 0.041907746 1438.0 679.0 1485.0 746.0
scab 0.041146036000000004 695.0 468.0 779.0 612.0
scab 0.040256105 498.0 335.0 548.0 408.0
scab 0.040004253 1287.0 756.0 1338.0 842.0
scab 0.039936334 1856.0 658.0 1938.0 819.0
scab 0.038514506000000004 1419.0 634.0 1515.0 779.0
scab 0.03847445 365.0 668.0 450.0 830.0
scab 0.038447205 839.0 638.0 890.0 704.0
scab 0.038248107 1470.0 636.0 1563.0 785.0
scab 0.03812107 1219.0 762.0 1311.0 905.0
scab 0.037239365 1245.0 884.0 1293.0 971.0
scab 0.034677565 800.0 353.0 849.0 438.0
scab 0.03051333 1055.0 1036.0 1102.0 1114.0
scab 0.030316067999999998 736.0 619.0 779.0 686.0
scab 0.029966634 479.0 422.0 579.0 563.0
scab 0.029405788 876.0 318.0 966.0 469.0
scab 0.028793624 1083.0 1035.0 1178.0 1202.0
scab 0.02865309 698.0 499.0 743.0 585.0
scab 0.027964337000000002 517.0 817.0 650.0 927.0
scab 0.02731396 1125.0 933.0 1169.0 1014.0
scab 0.02727403 817.0 929.0 866.0 1015.0
scab 0.027243556000000002 1299.0 788.0 1378.0 937.0
scab 0.02716682 1141.0 1043.0 1227.0 1110.0
scab 0.025965843 971.0 451.0 1122.0 587.0
scab 0.025897978 1044.0 631.0 1122.0 769.0
scab 0.025765741 1521.0 702.0 1612.0 767.0
scab 0.025638195 1227.0 798.0 1274.0 881.0
scab 0.02542593 957.0 966.0 1039.0 1122.0
scab 0.025058754 949.0 547.0 1035.0 703.0
scab 0.02433762 873.0 589.0 971.0 737.0
scab 0.022944909 651.0 863.0 697.0 945.0
scab 0.02282262 632.0 356.0 679.0 433.0
scab 0.021594366 1547.0 625.0 1640.0 796.0
scab 0.021541525 1399.0 971.0 1447.0 1051.0
scab 0.021083076 1503.0 684.0 1547.0 751.0
scab 0.020771381999999998 986.0 456.0 1036.0 542.0
scab 0.020501448000000002 397.0 498.0 488.0 644.0
scab 0.019959867 496.0 302.0 565.0 434.0
scab 0.019728998 360.0 504.0 452.0 643.0
scab 0.019725142 907.0 350.0 956.0 431.0
scab 0.019675715 800.0 956.0 884.0 1024.0
scab 0.019340603 526.0 424.0 611.0 556.0
rust 0.018914605 715.0 1231.0 761.0 1311.0
scab 0.018772831 855.0 250.0 925.0 388.0
scab 0.018769445 697.0 876.0 779.0 1024.0
scab 0.018266054 406.0 705.0 491.0 856.0
scab 0.01758149 1355.0 679.0 1439.0 742.0
scab 0.017526114 1127.0 928.0 1204.0 1064.0
scab 0.017307114 821.0 1165.0 871.0 1246.0
scab 0.017235601 715.0 1231.0 761.0 1311.0
scab 0.0170063 1388.0 946.0 1554.0 1050.0
scab 0.016905086 1087.0 801.0 1167.0 957.0
scab 0.016557543 1501.0 950.0 1553.0 1028.0
scab 0.016426522 628.0 544.0 678.0 629.0
scab 0.015703822 1074.0 1039.0 1125.0 1112.0
scab 0.015645849 1174.0 766.0 1258.0 901.0
scab 0.015517673000000001 1250.0 303.0 1298.0 397.0
rust 0.01548519 485.0 1155.0 528.0 1221.0
scab 0.015462031999999999 634.0 253.0 698.0 398.0
scab 0.015383154 1252.0 891.0 1338.0 1027.0
scab 0.015004665 903.0 637.0 993.0 705.0
scab 0.014724133 1349.0 937.0 1441.0 1075.0
scab 0.014701365 884.0 245.0 934.0 336.0
scab 0.0146444775 1416.0 960.0 1463.0 1032.0
scab 0.014167666 1058.0 673.0 1088.0 718.0
scab 0.014063052 1521.0 941.0 1564.0 1009.0
scab 0.014062808999999999 1331.0 828.0 1376.0 900.0
scab 0.013773265 1267.0 1034.0 1315.0 1115.0
scab 0.013699831 462.0 455.0 492.0 501.0
scab 0.013669595 795.0 338.0 949.0 454.0
rust 0.013565938999999999 1032.0 1271.0 1074.0 1359.0
scab 0.013408218999999999 714.0 905.0 758.0 989.0
scab 0.013015881000000002 825.0 639.0 868.0 702.0
scab 0.0129716825 1916.0 555.0 1957.0 623.0
scab 0.012822786999999999 1621.0 835.0 1751.0 930.0
scab 0.012801985 616.0 398.0 700.0 577.0
scab 0.012404762 571.0 711.0 650.0 880.0
scab 0.011928971000000002 1218.0 1034.0 1300.0 1206.0
scab 0.011398006 1332.0 672.0 1377.0 748.0
scab 0.01120936 1596.0 624.0 1688.0 790.0
scab 0.01099057 1639.0 622.0 1723.0 792.0
scab 0.010661931999999999 437.0 742.0 484.0 822.0
rust 0.010534446000000001 819.0 826.0 859.0 890.0
scab 0.010478154 1651.0 697.0 1699.0 768.0
scab 0.010456541 583.0 763.0 628.0 837.0
scab 0.010179015999999999 752.0 164.0 823.0 302.0
scab 0.010073261 753.0 357.0 838.0 510.0
scab 0.010039478000000001 647.0 269.0 692.0 354.0
