scab 0.41885644 1161.0 445.0 1266.0 615.0
scab 0.34888336 1000.0 962.0 1087.0 1129.0
scab 0.28999448 911.0 363.0 994.0 545.0
scab 0.23050189 1293.0 440.0 1389.0 620.0
scab 0.22310439 630.0 455.0 716.0 599.0
scab 0.21494864 1012.0 377.0 1101.0 534.0
scab 0.20233627 880.0 929.0 956.0 1063.0
scab 0.18363233 995.0 609.0 1091.0 789.0
scab 0.17171146 1345.0 807.0 1431.0 950.0
scab 0.15805325 859.0 752.0 957.0 905.0
scab 0.15296888 437.0 796.0 484.0 876.0
scab 0.15251961 1377.0 640.0 1419.0 700.0
scab 0.121579245 698.0 575.0 792.0 739.0
scab 0.106261775 1249.0 763.0 1298.0 840.0
scab 0.10331966 1176.0 962.0 1224.0 1030.0
scab 0.10281037 522.0 622.0 619.0 783.0
scab 0.09703786 1344.0 682.0 1430.0 822.0
scab 0.09697162 1220.0 717.0 1308.0 870.0
scab 0.09456222 1395.0 504.0 1476.0 665.0
scab 0.09103535 886.0 1104.0 928.0 1171.0
scab 0.090675615 970.0 1084.0 1015.0 1149.0
scab 0.09008011 1133.0 619.0 1180.0 689.0
scab 0.08827263 911.0 624.0 1001.0 767.0
scab 0.08412715 1133.0 930.0 1226.0 1082.0
scab 0.081765085 1166.0 703.0 1210.0 772.0
scab 0.07932795599999999 1271.0 914.0 1312.0 984.0
scab 0.07860217 1358.0 721.0 1403.0 794.0
scab 0.078391805 889.0 956.0 936.0 1036.0
scab 0.0775547 1085.0 883.0 1168.0 1025.0
scab 0.07742952 578.0 718.0 625.0 800.0
scab 0.075011514 874.0 622.0 969.0 773.0
scab 0.07306889999999999 495.0 628.0 583.0 767.0
scab 0.07290388 1183.0 454.0 1329.0 598.0
scab 0.07252369 1259.0 892.0 1348.0 1018.0
scab 0.07070119999999999 840.0 719.0 883.0 793.0
scab 0.0678093 1017.0 518.0 1063.0 602.0
scab 0.063967526 1436.0 562.0 1485.0 653.0
scab 0.06367829400000001 1310.0 920.0 1353.0 988.0
scab 0.06367683 1004.0 503.0 1081.0 639.0
scab 0.062336188 1421.0 535.0 1498.0 687.0
scab 0.06157584 1383.0 715.0 1470.0 857.0
scab 0.05987146 1252.0 756.0 1337.0 887.0
scab 0.056727945999999994 660.0 591.0 754.0 739.0
scab 0.05566578 526.0 647.0 572.0 738.0
scab 0.055359963 1126.0 595.0 1213.0 726.0
scab 0.053572807 566.0 672.0 651.0 823.0
scab 0.05267053 704.0 876.0 785.0 1028.0
scab 0.051882744 999.0 704.0 1087.0 862.0
scab 0.04913200400000001 1469.0 690.0 1558.0 892.0
scab 0.0484627 572.0 588.0 664.0 735.0
scab 0.047335654000000005 1414.0 921.0 1459.0 986.0
scab 0.04625004 1078.0 895.0 1126.0 968.0
scab 0.04595753599999999 967.0 1012.0 1056.0 1168.0
scab 0.04590869 834.0 706.0 925.0 883.0
scab 0.045719434 1096.0 994.0 1140.0 1075.0
scab 0.04436663 560.0 808.0 602.0 873.0
scab 0.04384764 1075.0 914.0 1159.0 979.0
scab 0.043847535 792.0 1079.0 837.0 1151.0
scab 0.043601464000000006 732.0 591.0 781.0 668.0
scab 0.043535158 958.0 631.0 1051.0 772.0
scab 0.041723136 993.0 763.0 1038.0 841.0
scab 0.040618427 1400.0 564.0 1442.0 641.0
scab 0.039714042000000005 1231.0 899.0 1270.0 965.0
scab 0.03967327 615.0 599.0 704.0 727.0
scab 0.037121236 883.0 776.0 929.0 865.0
scab 0.036983102999999996 1372.0 843.0 1423.0 928.0
scab 0.03631732 1430.0 734.0 1518.0 927.0
scab 0.035956115 1011.0 1042.0 1059.0 1115.0
scab 0.03515565 1027.0 978.0 1074.0 1055.0
scab 0.034168515 1034.0 598.0 1082.0 667.0
scab 0.033857994 1049.0 848.0 1138.0 994.0
scab 0.03250897 1372.0 791.0 1472.0 960.0
scab 0.032470215 1087.0 593.0 1180.0 729.0
scab 0.031784445 911.0 649.0 955.0 735.0
scab 0.031174451000000002 1256.0 599.0 1344.0 723.0
scab 0.03113817 1034.0 593.0 1128.0 732.0
scab 0.02971654 785.0 637.0 872.0 772.0
scab 0.02965584 1331.0 508.0 1379.0 583.0
scab 0.028448607999999997 414.0 762.0 495.0 905.0
scab 0.027923077 622.0 759.0 700.0 894.0
scab 0.027768996 1170.0 883.0 1257.0 1049.0
scab 0.027500233 749.0 628.0 834.0 766.0
scab 0.027344884 1244.0 696.0 1290.0 767.0
scab 0.027196902999999998 1290.0 883.0 1380.0 1031.0
scab 0.026676405 991.0 672.0 1039.0 752.0
scab 0.026032861 626.0 627.0 673.0 709.0
scab 0.02554326 1264.0 419.0 1351.0 582.0
scab 0.024924455 931.0 548.0 972.0 618.0
scab 0.024814377999999998 1035.0 669.0 1127.0 817.0
scab 0.024493102000000003 1216.0 598.0 1304.0 727.0
scab 0.024433693 1088.0 972.0 1180.0 1106.0
scab 0.024222676000000002 1034.0 417.0 1083.0 504.0
scab 0.023517488 496.0 409.0 577.0 558.0
scab 0.022999328 586.0 551.0 629.0 624.0
scab 0.022820339 693.0 631.0 738.0 711.0
scab 0.022182052999999997 1053.0 832.0 1096.0 896.0
scab 0.021941695 1161.0 1016.0 1204.0 1091.0
scab 0.020929812 925.0 446.0 975.0 521.0
scab 0.020891115 1204.0 629.0 1250.0 707.0
scab 0.020765983999999998 959.0 755.0 1046.0 904.0
scab 0.020596355 1327.0 435.0 1372.0 515.0
scab 0.020593273999999998 880.0 407.0 978.0 559.0
scab 0.020119378 865.0 801.0 910.0 885.0
scab 0.01996203 1138.0 421.0 1224.0 581.0
scab 0.019513123 829.0 633.0 921.0 780.0
scab 0.019426329 628.0 780.0 677.0 858.0
scab 0.019307708 1129.0 677.0 1216.0 808.0
scab 0.018934052 1215.0 887.0 1305.0 1023.0
scab 0.018902842 1171.0 803.0 1254.0 937.0
scab 0.018651713 1009.0 973.0 1155.0 1097.0
scab 0.018634189 848.0 397.0 1005.0 509.0
scab 0.018057631 1290.0 606.0 1334.0 688.0
scab 0.018007962 1170.0 679.0 1258.0 812.0
scab 0.01780817 608.0 621.0 656.0 688.0
scab 0.017748322 1406.0 727.0 1544.0 850.0
scab 0.017485484 1390.0 569.0 1489.0 642.0
scab 0.01743955 950.0 822.0 991.0 905.0
scab 0.016232595 1380.0 715.0 1558.0 954.0
scab 0.015684422 1166.0 595.0 1260.0 730.0
scab 0.0156116495 923.0 613.0 969.0 690.0
scab 0.015493838999999999 1134.0 485.0 1224.0 646.0
scab 0.015284327 1166.0 520.0 1211.0 605.0
scab 0.015217613999999999 1294.0 599.0 1378.0 724.0
scab 0.015194518 1296.0 935.0 1367.0 999.0
scab 0.015053545 1314.0 521.0 1359.0 604.0
scab 0.014915106000000001 689.0 676.0 733.0 758.0
scab 0.014500286000000001 914.0 440.0 992.0 602.0
scab 0.014497041 927.0 382.0 974.0 455.0
scab 0.0143977245 1235.0 736.0 1360.0 846.0
scab 0.014360535 716.0 912.0 761.0 989.0
scab 0.0139237335 1335.0 455.0 1422.0 615.0
rust 0.013179391 436.0 794.0 483.0 862.0
scab 0.013157956 656.0 848.0 697.0 915.0
scab 0.0130780125 910.0 380.0 1095.0 517.0
scab 0.012813521999999999 538.0 707.0 625.0 855.0
scab 0.012632508 1343.0 669.0 1507.0 919.0
scab 0.012443494 912.0 548.0 994.0 699.0
scab 0.012375592 1179.0 502.0 1227.0 591.0
scab 0.012055445 1304.0 677.0 1392.0 819.0
scab 0.012037141999999999 651.0 479.0 699.0 567.0
scab 0.011618291999999999 740.0 1067.0 780.0 1134.0
scab 0.011289891000000002 444.0 815.0 476.0 861.0
scab 0.011250115 906.0 463.0 988.0 534.0
scab 0.01117228 776.0 657.0 824.0 731.0
scab 0.0111571355 1084.0 675.0 1175.0 810.0
scab 0.01113088 1181.0 338.0 1228.0 414.0
