scab 0.26293382 1467.0 580.0 1558.0 729.0
scab 0.24303554 675.0 164.0 759.0 304.0
scab 0.18750128 1308.0 287.0 1395.0 426.0
scab 0.17086777 358.0 537.0 454.0 697.0
scab 0.12693226 1390.0 408.0 1474.0 561.0
scab 0.121300295 369.0 670.0 456.0 817.0
scab 0.11872178 392.0 651.0 498.0 839.0
scab 0.1171654 1292.0 532.0 1386.0 693.0
scab 0.108488314 1497.0 596.0 1546.0 664.0
scab 0.098260835 438.0 705.0 524.0 865.0
scab 0.08905288 287.0 283.0 339.0 365.0
scab 0.087114 1520.0 769.0 1566.0 838.0
scab 0.08692516 1257.0 541.0 1354.0 687.0
scab 0.08112515 1334.0 327.0 1384.0 413.0
scab 0.080498844 1419.0 468.0 1466.0 539.0
scab 0.07748128 706.0 182.0 758.0 266.0
scab 0.07694012 1340.0 707.0 1430.0 853.0
scab 0.07533876 1210.0 370.0 1295.0 531.0
scab 0.072385095 1007.0 425.0 1054.0 498.0
scab 0.068777256 1435.0 587.0 1483.0 667.0
scab 0.06506275 1200.0 461.0 1247.0 539.0
scab 0.060737904 1686.0 595.0 1769.0 738.0
scab 0.05153925 1428.0 563.0 1520.0 691.0
scab 0.051388696 776.0 145.0 823.0 223.0
scab 0.051091332 1180.0 423.0 1265.0 554.0
scab 0.049344752 354.0 590.0 398.0 674.0
scab 0.046595517999999995 1513.0 419.0 1595.0 570.0
scab 0.045392945 492.0 148.0 563.0 314.0
scab 0.04538211599999999 399.0 569.0 486.0 756.0
scab 0.045333452999999996 1144.0 254.0 1191.0 331.0
scab 0.043849322999999996 785.0 464.0 873.0 607.0
scab 0.04264387 816.0 504.0 866.0 579.0
scab 0.04239881400000001 1556.0 548.0 1639.0 691.0
scab 0.04106789 1072.0 380.0 1117.0 459.0
scab 0.04091979 1230.0 556.0 1275.0 625.0
scab 0.03810298 1123.0 541.0 1208.0 687.0
scab 0.036820072999999995 1336.0 511.0 1422.0 646.0
scab 0.036158584 1512.0 748.0 1590.0 898.0
scab 0.035274316 1397.0 409.0 1443.0 472.0
scab 0.034324493 1203.0 361.0 1243.0 426.0
scab 0.03387788 799.0 118.0 859.0 259.0
scab 0.03341734 1421.0 416.0 1509.0 563.0
scab 0.03308467 1388.0 553.0 1471.0 690.0
scab 0.0319338 1356.0 527.0 1400.0 600.0
scab 0.031363443 1217.0 505.0 1301.0 652.0
scab 0.031185469 1176.0 109.0 1245.0 273.0
scab 0.03093639 392.0 689.0 437.0 782.0
scab 0.030358387 1139.0 107.0 1218.0 266.0
scab 0.030351134 282.0 415.0 362.0 565.0
scab 0.029751256 1570.0 595.0 1615.0 667.0
scab 0.028379384 1139.0 197.0 1202.0 365.0
scab 0.027961932000000002 395.0 497.0 483.0 662.0
scab 0.02783966 1296.0 422.0 1338.0 503.0
scab 0.02714872 1245.0 404.0 1288.0 476.0
scab 0.025707362 762.0 121.0 823.0 264.0
scab 0.025620433999999997 617.0 422.0 696.0 573.0
scab 0.025581892999999998 438.0 626.0 526.0 788.0
scab 0.024761638 1541.0 464.0 1586.0 538.0
scab 0.024499082999999998 327.0 549.0 413.0 692.0
scab 0.023183042 746.0 459.0 837.0 609.0
scab 0.022332502999999997 448.0 454.0 536.0 604.0
rust 0.022029046 289.0 279.0 338.0 352.0
scab 0.021816962999999998 1087.0 503.0 1176.0 660.0
scab 0.02088259 1714.0 630.0 1765.0 713.0
scab 0.02057548 334.0 533.0 476.0 796.0
scab 0.020122552 1346.0 879.0 1434.0 1031.0
scab 0.018689502 440.0 764.0 485.0 843.0
scab 0.018429028 635.0 121.0 788.0 356.0
scab 0.018409276000000002 1768.0 584.0 1856.0 745.0
scab 0.018223846000000002 1359.0 421.0 1400.0 492.0
scab 0.018107826 871.0 457.0 959.0 613.0
scab 0.018083826 1474.0 422.0 1563.0 566.0
scab 0.0178405 1213.0 448.0 1292.0 607.0
scab 0.017354636 931.0 447.0 970.0 510.0
scab 0.016931012 739.0 478.0 781.0 568.0
scab 0.016898133 1374.0 895.0 1418.0 964.0
scab 0.016852858000000002 1098.0 80.0 1172.0 233.0
scab 0.016289249 1725.0 620.0 1812.0 770.0
scab 0.015539721999999999 1309.0 548.0 1353.0 630.0
scab 0.015445263 1509.0 553.0 1604.0 698.0
scab 0.015394292 673.0 252.0 716.0 333.0
scab 0.015268651999999999 711.0 112.0 781.0 293.0
scab 0.014916051000000001 1304.0 680.0 1392.0 828.0
scab 0.014161733999999999 1230.0 417.0 1275.0 494.0
scab 0.013899142 1374.0 419.0 1421.0 495.0
scab 0.013691143999999999 1253.0 331.0 1296.0 408.0
scab 0.013593862 995.0 525.0 1037.0 603.0
scab 0.013446874 646.0 447.0 689.0 516.0
scab 0.012940506000000001 825.0 461.0 920.0 608.0
scab 0.012902354 1081.0 73.0 1273.0 314.0
scab 0.012852637 1608.0 505.0 1650.0 576.0
scab 0.012841438 484.0 335.0 526.0 410.0
scab 0.012697761 804.0 488.0 847.0 566.0
scab 0.012453708 1188.0 446.0 1231.0 522.0
scab 0.012399038999999999 1250.0 487.0 1291.0 561.0
scab 0.012357221000000002 1264.0 314.0 1309.0 395.0
scab 0.011719786000000001 1214.0 951.0 1237.0 990.0
scab 0.011399005 1348.0 380.0 1436.0 517.0
scab 0.011306433000000001 484.0 447.0 571.0 608.0
scab 0.011259271999999999 1046.0 334.0 1126.0 487.0
scab 0.011232968000000001 1265.0 288.0 1350.0 432.0
scab 0.011219914 1528.0 856.0 1570.0 924.0
scab 0.010863319 1393.0 738.0 1436.0 817.0
scab 0.010818551000000001 650.0 484.0 692.0 562.0
scab 0.01081577 536.0 627.0 616.0 778.0
scab 0.010759846000000002 414.0 548.0 458.0 625.0
scab 0.010656987 1232.0 524.0 1376.0 638.0
scab 0.010515511000000002 707.0 457.0 790.0 605.0
scab 0.010469253000000001 1734.0 801.0 1785.0 875.0
scab 0.010274122 1691.0 612.0 1849.0 718.0
scab 0.010115576999999999 1504.0 655.0 1546.0 736.0
scab 0.010079779 1314.0 543.0 1456.0 673.0
scab 0.010077643 1507.0 610.0 1538.0 656.0
