scab 0.34768733 984.0 791.0 1088.0 949.0
scab 0.26750153 794.0 758.0 887.0 901.0
scab 0.23559687 1627.0 796.0 1721.0 952.0
scab 0.23239972 1082.0 412.0 1176.0 555.0
scab 0.22004686 1261.0 807.0 1352.0 954.0
scab 0.21982479 825.0 786.0 913.0 944.0
scab 0.16701594 697.0 638.0 788.0 779.0
scab 0.16672263 1168.0 796.0 1254.0 952.0
scab 0.15537882 1172.0 626.0 1270.0 777.0
scab 0.1495376 1397.0 492.0 1442.0 564.0
scab 0.14280547 1168.0 379.0 1252.0 528.0
rust 0.13455741 1901.0 799.0 1929.0 836.0
scab 0.13065526 1728.0 759.0 1811.0 913.0
scab 0.13062982 1433.0 699.0 1512.0 857.0
scab 0.12781663 1010.0 821.0 1060.0 904.0
scab 0.12619501 1569.0 539.0 1652.0 683.0
scab 0.092618085 945.0 715.0 993.0 800.0
rust 0.091901354 686.0 373.0 711.0 410.0
scab 0.08812132 626.0 421.0 702.0 565.0
scab 0.076795235 926.0 684.0 1004.0 814.0
scab 0.07661858 1126.0 594.0 1212.0 748.0
scab 0.07151155 1650.0 833.0 1701.0 905.0
scab 0.07055932 1163.0 1062.0 1199.0 1122.0
scab 0.059567876 954.0 508.0 1045.0 654.0
scab 0.05715861 741.0 462.0 825.0 616.0
rust 0.057010114 279.0 328.0 311.0 365.0
scab 0.05694621 1142.0 629.0 1192.0 715.0
scab 0.056341205 751.0 501.0 801.0 585.0
scab 0.056266062 1075.0 440.0 1161.0 516.0
scab 0.049898042999999996 1003.0 582.0 1084.0 747.0
rust 0.049617965 1164.0 1063.0 1195.0 1107.0
scab 0.047564823 859.0 544.0 900.0 621.0
scab 0.047182154000000004 823.0 637.0 864.0 714.0
scab 0.04424506 965.0 747.0 1054.0 935.0
scab 0.04402218 1437.0 718.0 1489.0 800.0
scab 0.042501132999999996 946.0 549.0 997.0 627.0
scab 0.042260516 922.0 509.0 1007.0 653.0
scab 0.042076524000000004 1093.0 613.0 1180.0 780.0
scab 0.03913276 689.0 638.0 735.0 713.0
scab 0.038522407 821.0 803.0 869.0 882.0
scab 0.03807274 732.0 673.0 783.0 758.0
scab 0.036545432999999995 648.0 449.0 695.0 518.0
scab 0.03604058 628.0 454.0 678.0 547.0
scab 0.03204098 527.0 489.0 567.0 563.0
scab 0.031792153 835.0 493.0 911.0 651.0
scab 0.03167771 948.0 668.0 1041.0 827.0
scab 0.030640788 1104.0 413.0 1240.0 540.0
scab 0.029236022 1176.0 809.0 1347.0 934.0
scab 0.027043913 1186.0 843.0 1230.0 923.0
scab 0.02642641 1285.0 840.0 1337.0 929.0
scab 0.025545312 969.0 863.0 1017.0 948.0
scab 0.025259214 1736.0 787.0 1786.0 857.0
scab 0.024308167000000002 1604.0 552.0 1653.0 628.0
scab 0.022881681 107.0 921.0 186.0 1092.0
scab 0.022635221 965.0 549.0 1058.0 623.0
scab 0.021882454 1096.0 428.0 1147.0 501.0
scab 0.021604965 479.0 489.0 519.0 560.0
scab 0.021194872000000003 1764.0 782.0 1854.0 966.0
scab 0.02113281 741.0 668.0 819.0 818.0
scab 0.02084015 979.0 290.0 1003.0 329.0
scab 0.020810343000000002 846.0 531.0 891.0 605.0
scab 0.020230711999999998 989.0 811.0 1042.0 881.0
scab 0.019389383 1387.0 463.0 1461.0 604.0
scab 0.019218608999999998 1243.0 1043.0 1283.0 1103.0
scab 0.019040354 1121.0 870.0 1165.0 950.0
scab 0.018447172 686.0 373.0 711.0 410.0
scab 0.018228397 927.0 546.0 977.0 626.0
scab 0.017172576999999998 1696.0 536.0 1772.0 682.0
scab 0.016981933 794.0 763.0 841.0 841.0
scab 0.016774375 1181.0 413.0 1230.0 504.0
scab 0.016756939 662.0 592.0 744.0 748.0
rust 0.015954701 1397.0 492.0 1442.0 564.0
scab 0.015922196 890.0 529.0 1041.0 625.0
scab 0.014910884 1127.0 829.0 1224.0 994.0
scab 0.014809516000000002 683.0 482.0 824.0 582.0
scab 0.014364403999999999 1016.0 632.0 1061.0 718.0
scab 0.013917378999999999 1089.0 842.0 1171.0 991.0
scab 0.013697299999999999 1207.0 665.0 1256.0 759.0
scab 0.013670528999999999 1029.0 799.0 1125.0 952.0
scab 0.013163629 561.0 430.0 604.0 491.0
scab 0.013156148000000001 1216.0 648.0 1292.0 815.0
scab 0.013094587 1585.0 557.0 1639.0 653.0
scab 0.012961588999999999 750.0 712.0 833.0 865.0
scab 0.012855859499999999 1109.0 825.0 1253.0 927.0
scab 0.012811003 1058.0 617.0 1218.0 718.0
scab 0.012551906000000002 601.0 448.0 730.0 531.0
scab 0.011902311 490.0 455.0 568.0 599.0
scab 0.011852645 1008.0 533.0 1052.0 605.0
scab 0.011616073000000001 713.0 492.0 793.0 637.0
scab 0.011248616999999999 651.0 419.0 740.0 570.0
scab 0.011236862 1717.0 562.0 1765.0 649.0
scab 0.010254874 845.0 751.0 884.0 806.0
