scab 0.15407678 1231.0 153.0 1303.0 331.0
scab 0.10424148 1171.0 205.0 1252.0 446.0
scab 0.09168503 846.0 772.0 884.0 838.0
scab 0.090927646 1139.0 189.0 1206.0 358.0
rust 0.082757704 784.0 251.0 849.0 338.0
scab 0.072638094 654.0 732.0 696.0 789.0
rust 0.055611867 1181.0 263.0 1247.0 438.0
rust 0.05192419 1231.0 153.0 1303.0 331.0
rust 0.030040222999999998 1136.0 200.0 1288.0 440.0
rust 0.02943727 298.0 464.0 351.0 539.0
scab 0.027987925 724.0 716.0 752.0 756.0
rust 0.027839834 1139.0 189.0 1206.0 358.0
scab 0.0257282 1110.0 162.0 1322.0 395.0
rust 0.023411956 846.0 772.0 884.0 838.0
scab 0.020973742000000004 1243.0 225.0 1294.0 314.0
scab 0.019392636 712.0 748.0 751.0 808.0
rust 0.011802175 1172.0 115.0 1353.0 367.0
scab 0.011464523 1110.0 203.0 1175.0 338.0
scab 0.011263623 1979.0 741.0 2017.0 808.0
rust 0.010234311999999999 797.0 228.0 842.0 382.0
