rust 0.7554611 655.0 1053.0 745.0 1288.0
rust 0.54296696 1130.0 597.0 1207.0 792.0
rust 0.5036609000000001 753.0 697.0 822.0 881.0
rust 0.36604565 614.0 1089.0 782.0 1255.0
rust 0.25928926 643.0 1079.0 712.0 1260.0
scab 0.17158557 1733.0 829.0 1819.0 1023.0
rust 0.14339566 1094.0 627.0 1243.0 763.0
rust 0.08577732 1115.0 621.0 1180.0 768.0
rust 0.07000945 715.0 739.0 859.0 840.0
scab 0.05700533 1778.0 865.0 1827.0 949.0
scab 0.043123517 1207.0 1301.0 1253.0 1365.0
rust 0.043016605 1778.0 865.0 1827.0 949.0
rust 0.03933396 792.0 745.0 843.0 818.0
rust 0.037494924 1733.0 829.0 1819.0 1023.0
scab 0.030941581 1706.0 871.0 1846.0 978.0
rust 0.028089756 461.0 848.0 545.0 916.0
rust 0.02062603 735.0 750.0 822.0 821.0
rust 0.01680587 1207.0 1301.0 1253.0 1365.0
scab 0.013155062 753.0 697.0 822.0 881.0
scab 0.01173921 1130.0 597.0 1207.0 792.0
rust 0.011132428 731.0 718.0 797.0 861.0
scab 0.010929322 1719.0 683.0 1766.0 752.0
