rust 0.6996576 357.0 845.0 397.0 922.0
rust 0.5332286999999999 1467.0 709.0 1500.0 753.0
rust 0.5313260999999999 1595.0 819.0 1624.0 862.0
rust 0.45693174 1505.0 477.0 1547.0 529.0
rust 0.38435683 831.0 537.0 890.0 606.0
rust 0.38042682 1259.0 1012.0 1306.0 1069.0
rust 0.3181179 1492.0 609.0 1522.0 650.0
rust 0.29478842 308.0 772.0 348.0 832.0
scab 0.26002464 156.0 889.0 204.0 961.0
rust 0.25693193 1272.0 1123.0 1304.0 1162.0
rust 0.21562806 156.0 889.0 204.0 961.0
rust 0.19148423 357.0 779.0 387.0 820.0
rust 0.11550487599999999 1171.0 1013.0 1198.0 1050.0
scab 0.07591412 352.0 771.0 390.0 828.0
scab 0.07367045400000001 870.0 730.0 957.0 922.0
scab 0.0660549 1394.0 642.0 1485.0 702.0
scab 0.06087514 835.0 536.0 891.0 621.0
scab 0.05656534 1392.0 211.0 1457.0 353.0
scab 0.052057542000000005 1510.0 261.0 1553.0 355.0
scab 0.04354396 1818.0 728.0 1868.0 790.0
rust 0.041549556 332.0 742.0 359.0 781.0
scab 0.03711315 1996.0 306.0 2040.0 397.0
scab 0.037051503 308.0 772.0 348.0 832.0
scab 0.036569707 1492.0 609.0 1522.0 650.0
scab 0.034797672 1676.0 282.0 1722.0 376.0
rust 0.033469452999999996 225.0 1034.0 253.0 1072.0
scab 0.030024923 1851.0 439.0 1932.0 633.0
scab 0.0292164 1357.0 218.0 1433.0 343.0
scab 0.029022852000000002 1433.0 585.0 1510.0 733.0
scab 0.026703978 1678.0 723.0 1724.0 793.0
scab 0.023667216 1437.0 836.0 1518.0 988.0
rust 0.022962304 1183.0 136.0 1230.0 225.0
rust 0.022376405 0.0 939.0 31.0 1007.0
scab 0.02203213 1409.0 652.0 1438.0 694.0
scab 0.021968599999999998 1426.0 652.0 1454.0 693.0
scab 0.021011332 1438.0 619.0 1485.0 694.0
scab 0.020863738 1271.0 672.0 1312.0 753.0
scab 0.020847429 966.0 726.0 1006.0 789.0
scab 0.01865411 1207.0 487.0 1252.0 560.0
scab 0.01856106 1462.0 289.0 1504.0 370.0
scab 0.018189173 1939.0 727.0 2026.0 936.0
scab 0.017477322 1456.0 637.0 1499.0 702.0
scab 0.016999973 1809.0 725.0 1893.0 944.0
scab 0.016946264 1805.0 37.0 1851.0 114.0
scab 0.016752661999999998 1467.0 709.0 1500.0 753.0
rust 0.016506497 1892.0 1045.0 1932.0 1117.0
scab 0.01641434 1507.0 481.0 1544.0 524.0
scab 0.016015071000000002 1948.0 237.0 2020.0 400.0
scab 0.0153731415 1972.0 765.0 2017.0 838.0
scab 0.015305113 1260.0 29.0 1332.0 183.0
scab 0.015099633999999999 903.0 707.0 999.0 872.0
rust 0.015069016999999999 231.0 305.0 270.0 392.0
rust 0.014337813999999999 1972.0 765.0 2017.0 838.0
scab 0.014110043000000001 946.0 631.0 992.0 706.0
scab 0.013608239 1782.0 736.0 1827.0 815.0
scab 0.013467041 180.0 745.0 224.0 817.0
scab 0.013263011000000002 1183.0 136.0 1230.0 225.0
scab 0.013172325 1395.0 585.0 1475.0 726.0
scab 0.013143644 1171.0 1013.0 1198.0 1050.0
rust 0.012958589 343.0 772.0 405.0 827.0
scab 0.012906756 1629.0 293.0 1671.0 369.0
rust 0.012485992 1678.0 723.0 1724.0 793.0
rust 0.012327836000000002 334.0 741.0 371.0 815.0
rust 0.011987445 839.0 507.0 897.0 639.0
scab 0.011866288000000001 949.0 279.0 991.0 339.0
rust 0.011610249 1476.0 604.0 1539.0 660.0
scab 0.011364646 1465.0 652.0 1491.0 689.0
rust 0.01098672 1313.0 1124.0 1357.0 1198.0
scab 0.010867438 357.0 845.0 397.0 922.0
scab 0.010677539 1595.0 819.0 1624.0 862.0
scab 0.010575756 225.0 1034.0 253.0 1072.0
rust 0.010474813000000001 1782.0 736.0 1827.0 815.0
scab 0.010423551999999999 1722.0 799.0 1766.0 883.0
rust 0.010407651 1259.0 1115.0 1324.0 1171.0
scab 0.010400299999999998 1447.0 652.0 1475.0 692.0
scab 0.01037671 1421.0 761.0 1465.0 838.0
scab 0.010334115 1249.0 55.0 1298.0 138.0
