rust 0.7161633000000001 907.0 385.0 999.0 590.0
rust 0.5817723000000001 932.0 269.0 994.0 436.0
rust 0.4842269 1191.0 494.0 1252.0 563.0
scab 0.3384897 138.0 838.0 187.0 899.0
rust 0.25373244 698.0 609.0 728.0 648.0
scab 0.23743863 151.0 945.0 201.0 996.0
scab 0.22130334 244.0 897.0 295.0 964.0
rust 0.19059266 534.0 988.0 564.0 1026.0
rust 0.12973952 138.0 838.0 187.0 899.0
scab 0.09665041 355.0 919.0 402.0 986.0
rust 0.092960685 244.0 897.0 295.0 964.0
rust 0.090782255 151.0 945.0 201.0 996.0
rust 0.08091412 1603.0 944.0 1664.0 1025.0
rust 0.06100133 762.0 910.0 788.0 947.0
scab 0.05322255 896.0 416.0 973.0 566.0
scab 0.050670747 698.0 609.0 728.0 648.0
scab 0.04452855 313.0 712.0 356.0 793.0
scab 0.044039800000000004 729.0 834.0 771.0 897.0
rust 0.042850825999999995 895.0 308.0 1028.0 404.0
rust 0.037534036 875.0 1030.0 903.0 1070.0
rust 0.03509751 1866.0 26.0 1929.0 201.0
rust 0.02620823 313.0 712.0 356.0 793.0
rust 0.025010327000000002 870.0 442.0 997.0 543.0
scab 0.024976457 932.0 269.0 994.0 436.0
scab 0.023874857000000003 353.0 746.0 394.0 810.0
rust 0.022447046000000002 327.0 706.0 369.0 772.0
rust 0.022417312000000002 360.0 757.0 389.0 798.0
scab 0.021703657 534.0 988.0 564.0 1026.0
rust 0.020803675 1614.0 904.0 1665.0 1087.0
scab 0.019084835 327.0 706.0 369.0 772.0
rust 0.017457223 927.0 424.0 1019.0 498.0
rust 0.016547842 894.0 205.0 1022.0 516.0
scab 0.015734551 762.0 910.0 788.0 947.0
rust 0.015732931000000002 355.0 919.0 402.0 986.0
rust 0.015558532 1302.0 929.0 1326.0 964.0
rust 0.013226795 936.0 312.0 1002.0 394.0
rust 0.01133281 1195.0 887.0 1221.0 924.0
scab 0.010554743 927.0 424.0 1019.0 498.0
rust 0.010266431999999999 743.0 929.0 770.0 971.0
scab 0.010137668 558.0 890.0 601.0 960.0
scab 0.010060125999999999 871.0 1022.0 907.0 1083.0
