scab 0.45416325 921.0 290.0 1019.0 443.0
scab 0.41742447 761.0 172.0 848.0 315.0
scab 0.41309473 632.0 806.0 716.0 940.0
scab 0.41055256 1224.0 852.0 1304.0 978.0
scab 0.34320664 1045.0 166.0 1117.0 331.0
scab 0.34033298 147.0 580.0 233.0 735.0
scab 0.29467198 1546.0 553.0 1649.0 696.0
scab 0.27807033 737.0 357.0 786.0 427.0
scab 0.2668755 691.0 463.0 782.0 621.0
scab 0.25574592 373.0 374.0 456.0 507.0
scab 0.24476163 1763.0 507.0 1848.0 664.0
scab 0.22680219 1382.0 556.0 1472.0 699.0
scab 0.20813502 332.0 699.0 377.0 771.0
scab 0.20562193 1368.0 887.0 1418.0 959.0
scab 0.19916989 651.0 826.0 700.0 907.0
scab 0.19895796 822.0 557.0 922.0 697.0
scab 0.19054253 994.0 780.0 1043.0 866.0
scab 0.18974455 913.0 549.0 1007.0 695.0
scab 0.18778457 1124.0 573.0 1211.0 733.0
scab 0.1863183 433.0 636.0 479.0 705.0
scab 0.17786422 366.0 393.0 419.0 476.0
scab 0.17693086 1308.0 804.0 1396.0 941.0
scab 0.17276326 430.0 421.0 484.0 494.0
scab 0.1702243 1273.0 970.0 1319.0 1046.0
scab 0.1663547 973.0 758.0 1056.0 893.0
scab 0.1581874 797.0 555.0 882.0 686.0
scab 0.15694581 1101.0 481.0 1148.0 557.0
scab 0.15414655 354.0 596.0 447.0 733.0
scab 0.14942852 1414.0 594.0 1466.0 667.0
scab 0.14584528 1672.0 593.0 1725.0 670.0
scab 0.14282833 731.0 540.0 785.0 602.0
scab 0.14079227 1295.0 358.0 1341.0 429.0
scab 0.13851729 995.0 555.0 1080.0 697.0
scab 0.12986818 1638.0 558.0 1735.0 695.0
scab 0.1283339 663.0 625.0 709.0 681.0
scab 0.12722309 1027.0 597.0 1075.0 660.0
scab 0.12415163 1348.0 825.0 1423.0 988.0
scab 0.12193829 1476.0 552.0 1567.0 686.0
scab 0.12038434 1242.0 876.0 1293.0 947.0
scab 0.11967646 1243.0 468.0 1298.0 542.0
scab 0.11506116 868.0 554.0 968.0 697.0
scab 0.11262604 909.0 290.0 952.0 369.0
scab 0.11184360000000002 1248.0 452.0 1329.0 592.0
scab 0.11154360000000002 717.0 333.0 798.0 460.0
scab 0.10973979 334.0 636.0 415.0 700.0
scab 0.10341544400000001 376.0 751.0 424.0 817.0
scab 0.09420725 690.0 477.0 741.0 559.0
scab 0.09349206 449.0 595.0 540.0 730.0
scab 0.09326229 482.0 625.0 530.0 685.0
scab 0.091061756 1142.0 593.0 1191.0 670.0
scab 0.08338459 1303.0 559.0 1386.0 697.0
scab 0.08307239400000001 1587.0 554.0 1692.0 693.0
scab 0.082959145 910.0 670.0 959.0 752.0
scab 0.07675966 816.0 586.0 867.0 665.0
rust 0.076752625 843.0 767.0 876.0 839.0
scab 0.075923 1503.0 581.0 1554.0 674.0
scab 0.0730688 454.0 760.0 522.0 904.0
scab 0.070718504 1307.0 594.0 1357.0 667.0
scab 0.06727441 322.0 611.0 407.0 780.0
scab 0.06328463 1331.0 817.0 1382.0 904.0
scab 0.06254839 773.0 206.0 830.0 285.0
scab 0.05909061400000001 862.0 598.0 947.0 664.0
scab 0.05883972 1519.0 577.0 1572.0 646.0
scab 0.05847789 949.0 571.0 997.0 652.0
scab 0.057466105 962.0 335.0 1013.0 417.0
scab 0.056496437999999996 1093.0 461.0 1164.0 587.0
scab 0.052072245999999996 1341.0 559.0 1441.0 696.0
scab 0.051389113 1603.0 580.0 1651.0 646.0
scab 0.05015468 1565.0 589.0 1655.0 667.0
scab 0.04973424 1777.0 543.0 1828.0 633.0
scab 0.047757175 1095.0 655.0 1144.0 733.0
scab 0.047483187 1355.0 590.0 1402.0 663.0
scab 0.046409454 438.0 806.0 524.0 878.0
scab 0.044550963 647.0 484.0 781.0 574.0
scab 0.042975754000000005 1013.0 227.0 1098.0 299.0
scab 0.04254037 399.0 595.0 495.0 733.0
scab 0.041053675 976.0 175.0 1137.0 318.0
scab 0.037206452 1051.0 231.0 1140.0 298.0
scab 0.037192802999999997 195.0 590.0 241.0 664.0
scab 0.03700066 1674.0 543.0 1765.0 698.0
scab 0.036825646000000004 1840.0 592.0 1887.0 670.0
scab 0.03681329 1050.0 208.0 1103.0 290.0
scab 0.03545854 157.0 630.0 203.0 709.0
scab 0.03528009 273.0 657.0 314.0 724.0
scab 0.033011900000000004 927.0 593.0 1012.0 659.0
scab 0.03292228 366.0 625.0 418.0 689.0
scab 0.032832053 1057.0 450.0 1097.0 518.0
rust 0.030992106000000002 761.0 172.0 848.0 315.0
scab 0.03042228 284.0 641.0 325.0 711.0
scab 0.029665232000000003 843.0 767.0 876.0 839.0
scab 0.028876487000000003 220.0 651.0 261.0 737.0
scab 0.028376512000000003 299.0 619.0 442.0 709.0
scab 0.026599074 1384.0 563.0 1559.0 672.0
rust 0.02642591 1045.0 166.0 1117.0 331.0
scab 0.025481079 951.0 254.0 994.0 328.0
scab 0.02515968 745.0 372.0 777.0 418.0
scab 0.025023873999999998 928.0 354.0 1015.0 429.0
scab 0.024390357999999997 1801.0 531.0 1889.0 711.0
scab 0.024026397999999997 178.0 581.0 272.0 740.0
scab 0.023729559 460.0 636.0 545.0 697.0
scab 0.023206862 1302.0 371.0 1333.0 418.0
scab 0.023021204 1109.0 498.0 1139.0 545.0
scab 0.022582116 951.0 786.0 1073.0 862.0
scab 0.022408123999999998 1294.0 831.0 1335.0 901.0
scab 0.021683268 860.0 602.0 910.0 693.0
rust 0.020899848999999998 1582.0 351.0 1606.0 391.0
scab 0.020517912 964.0 598.0 1062.0 668.0
scab 0.020498257 666.0 433.0 742.0 574.0
scab 0.020227022 809.0 597.0 912.0 669.0
rust 0.019417245 632.0 806.0 716.0 940.0
scab 0.019142527 1263.0 474.0 1316.0 563.0
scab 0.018930126000000002 1379.0 905.0 1408.0 949.0
scab 0.018680099999999998 1582.0 351.0 1606.0 391.0
scab 0.017960437 1280.0 986.0 1312.0 1035.0
scab 0.01754353 705.0 468.0 754.0 540.0
scab 0.016914383 804.0 573.0 852.0 651.0
scab 0.016844323 955.0 860.0 994.0 920.0
scab 0.01676517 656.0 601.0 738.0 718.0
scab 0.016727503 734.0 508.0 823.0 646.0
scab 0.016727198000000002 390.0 639.0 487.0 703.0
scab 0.01669158 559.0 869.0 607.0 939.0
scab 0.016389422 724.0 132.0 872.0 349.0
scab 0.015615076 138.0 599.0 184.0 664.0
rust 0.0154477 1127.0 355.0 1151.0 391.0
scab 0.015028888999999998 1259.0 807.0 1347.0 958.0
scab 0.0148157505 1198.0 456.0 1336.0 547.0
scab 0.014751783999999999 995.0 604.0 1039.0 687.0
rust 0.014750056000000001 960.0 869.0 990.0 910.0
scab 0.014713941000000001 361.0 725.0 435.0 847.0
