rust 0.6929568 1475.0 852.0 1526.0 915.0
rust 0.38726085 1628.0 508.0 1689.0 580.0
rust 0.18471633 1208.0 692.0 1273.0 765.0
scab 0.16950361 612.0 984.0 659.0 1049.0
rust 0.13048865 532.0 902.0 559.0 941.0
scab 0.12648846 819.0 687.0 863.0 752.0
scab 0.114170335 1701.0 763.0 1742.0 838.0
scab 0.10509711 994.0 772.0 1031.0 825.0
scab 0.09947415 677.0 289.0 705.0 330.0
scab 0.09821247 332.0 622.0 371.0 679.0
scab 0.097640835 1595.0 704.0 1687.0 851.0
scab 0.088212535 714.0 484.0 758.0 557.0
rust 0.08135711400000001 700.0 1186.0 727.0 1224.0
scab 0.08047768 700.0 1186.0 727.0 1224.0
scab 0.069679745 986.0 190.0 1033.0 263.0
scab 0.06851078 720.0 716.0 763.0 787.0
scab 0.06558024 202.0 573.0 251.0 649.0
scab 0.061341688 785.0 662.0 824.0 725.0
scab 0.060979835999999996 1374.0 535.0 1418.0 606.0
rust 0.059354052000000004 369.0 145.0 417.0 210.0
scab 0.055892582999999996 762.0 1158.0 805.0 1214.0
scab 0.053469904000000006 1019.0 257.0 1061.0 315.0
scab 0.047316868 1465.0 665.0 1507.0 728.0
scab 0.046399336 908.0 803.0 993.0 949.0
scab 0.042588837000000004 1628.0 508.0 1689.0 580.0
scab 0.0423421 1629.0 720.0 1673.0 795.0
scab 0.041816503 1003.0 849.0 1088.0 992.0
scab 0.04048808 777.0 795.0 815.0 848.0
scab 0.039043084 256.0 1178.0 286.0 1220.0
rust 0.037898593 677.0 289.0 705.0 330.0
scab 0.03743646 925.0 831.0 974.0 900.0
scab 0.036901087 1304.0 735.0 1331.0 775.0
scab 0.03671898 1583.0 741.0 1629.0 817.0
scab 0.035983227 228.0 662.0 276.0 759.0
scab 0.033817228 868.0 809.0 909.0 874.0
scab 0.03321346 758.0 282.0 796.0 341.0
scab 0.031640995 456.0 539.0 495.0 601.0
scab 0.03144611 1441.0 767.0 1483.0 840.0
rust 0.029546492 237.0 1058.0 266.0 1098.0
scab 0.029399573999999998 650.0 1054.0 688.0 1107.0
scab 0.028731735 1565.0 709.0 1652.0 850.0
scab 0.027564162000000003 612.0 1181.0 641.0 1222.0
rust 0.027076133 998.0 777.0 1028.0 819.0
scab 0.026937983999999998 1636.0 713.0 1727.0 856.0
scab 0.025027202000000002 1626.0 618.0 1670.0 683.0
scab 0.023401102000000003 1684.0 717.0 1770.0 869.0
rust 0.021573053999999998 1304.0 735.0 1331.0 775.0
scab 0.021352915 727.0 729.0 756.0 775.0
scab 0.021291401 1475.0 852.0 1526.0 915.0
scab 0.020887118 819.0 835.0 856.0 890.0
scab 0.020604900000000002 868.0 75.0 911.0 152.0
scab 0.020518398 162.0 465.0 209.0 543.0
rust 0.020512536 1639.0 522.0 1677.0 570.0
scab 0.020090606 198.0 636.0 291.0 774.0
scab 0.018164115 237.0 1058.0 266.0 1098.0
rust 0.017725827 378.0 159.0 412.0 195.0
scab 0.0176627 1458.0 554.0 1502.0 625.0
scab 0.01601979 532.0 902.0 559.0 941.0
scab 0.015088981999999999 994.0 204.0 1026.0 248.0
scab 0.01485212 740.0 1225.0 767.0 1262.0
scab 0.014701497 660.0 287.0 724.0 335.0
scab 0.01466548 538.0 366.0 580.0 427.0
rust 0.014454153999999999 256.0 1178.0 286.0 1220.0
scab 0.014373288 160.0 553.0 242.0 692.0
scab 0.014016651000000001 856.0 822.0 990.0 916.0
scab 0.013678031 190.0 557.0 273.0 683.0
scab 0.013591822 474.0 409.0 516.0 466.0
rust 0.013582843999999998 612.0 984.0 659.0 1049.0
scab 0.013477764 1649.0 763.0 1689.0 833.0
rust 0.013343063 740.0 1225.0 767.0 1262.0
scab 0.0129934335 1460.0 478.0 1498.0 532.0
rust 0.012567738 1221.0 663.0 1274.0 813.0
scab 0.012374447 1208.0 692.0 1273.0 765.0
scab 0.012365388 1466.0 634.0 1548.0 776.0
scab 0.011904487 333.0 255.0 398.0 380.0
rust 0.011492646 790.0 671.0 819.0 715.0
scab 0.010638551999999999 369.0 145.0 417.0 210.0
scab 0.010385488 1314.0 737.0 1342.0 778.0
scab 0.010112804 1036.0 266.0 1063.0 307.0
scab 0.010016266999999999 1227.0 1006.0 1276.0 1069.0
