rust 0.77471876 1466.0 352.0 1511.0 438.0
rust 0.7047310999999999 1033.0 403.0 1088.0 479.0
rust 0.6552043000000001 1396.0 208.0 1440.0 283.0
rust 0.6203477 1141.0 536.0 1186.0 607.0
rust 0.6178915 1136.0 194.0 1185.0 249.0
rust 0.44016720000000004 674.0 896.0 739.0 961.0
rust 0.34219247 396.0 907.0 440.0 963.0
rust 0.27427143 820.0 459.0 861.0 514.0
rust 0.23811555 1441.0 467.0 1476.0 528.0
rust 0.21865460000000003 1598.0 650.0 1651.0 722.0
rust 0.11699493 1811.0 1097.0 1864.0 1152.0
rust 0.08694956 1284.0 923.0 1343.0 1020.0
rust 0.08135319 1396.0 621.0 1448.0 690.0
rust 0.06712572 1346.0 865.0 1398.0 952.0
rust 0.059666693 1103.0 417.0 1130.0 454.0
scab 0.04704073 1396.0 621.0 1448.0 690.0
scab 0.0399954 396.0 907.0 440.0 963.0
rust 0.03782865 1555.0 376.0 1577.0 412.0
scab 0.034794066 1680.0 863.0 1771.0 1047.0
rust 0.02686088 1808.0 1008.0 1836.0 1047.0
scab 0.024768038 1103.0 417.0 1130.0 454.0
scab 0.018422926000000003 671.0 895.0 731.0 964.0
scab 0.01825562 1033.0 403.0 1088.0 479.0
rust 0.017207616999999998 856.0 818.0 882.0 857.0
scab 0.014817066 1441.0 467.0 1476.0 528.0
rust 0.014792446 1609.0 668.0 1640.0 707.0
scab 0.012743135 822.0 462.0 858.0 524.0
scab 0.012666027 1136.0 194.0 1185.0 249.0
rust 0.012455718000000001 1147.0 557.0 1181.0 599.0
scab 0.012042138 1142.0 539.0 1185.0 617.0
rust 0.011121268 1609.0 618.0 1669.0 778.0
scab 0.010603834 1555.0 376.0 1577.0 412.0
rust 0.010010112 687.0 909.0 727.0 952.0
