scab 0.3344185 693.0 590.0 783.0 734.0
scab 0.2038382 658.0 319.0 746.0 493.0
scab 0.19643117 910.0 564.0 952.0 644.0
scab 0.17245308 1350.0 628.0 1441.0 782.0
scab 0.15520497 785.0 451.0 867.0 619.0
scab 0.14530133 1303.0 495.0 1383.0 639.0
scab 0.14214455 1030.0 746.0 1080.0 819.0
scab 0.13691165 1181.0 503.0 1266.0 643.0
scab 0.12918772 1222.0 635.0 1310.0 786.0
scab 0.12073106 573.0 508.0 668.0 651.0
scab 0.1120906 504.0 463.0 550.0 542.0
scab 0.10434383 577.0 668.0 663.0 818.0
scab 0.099184446 1124.0 581.0 1208.0 729.0
scab 0.09336219 1421.0 826.0 1513.0 1000.0
scab 0.082009494 1328.0 523.0 1377.0 608.0
rust 0.08163932 723.0 789.0 761.0 859.0
scab 0.07865218 1245.0 652.0 1338.0 828.0
scab 0.07633522 790.0 529.0 872.0 701.0
scab 0.07206715 671.0 67.0 738.0 230.0
scab 0.067371495 448.0 637.0 528.0 781.0
scab 0.06721533 1048.0 542.0 1129.0 698.0
scab 0.06705446 723.0 789.0 761.0 859.0
scab 0.06648709 801.0 74.0 866.0 226.0
scab 0.065689914 922.0 463.0 1003.0 612.0
scab 0.063760184 1007.0 721.0 1085.0 855.0
scab 0.06368532 604.0 300.0 647.0 370.0
scab 0.0633959 533.0 511.0 621.0 650.0
scab 0.06329251 1254.0 457.0 1347.0 619.0
scab 0.06278291 789.0 229.0 876.0 403.0
scab 0.058940582000000005 350.0 267.0 396.0 351.0
scab 0.057103815999999995 604.0 670.0 645.0 728.0
scab 0.05568664 887.0 112.0 951.0 265.0
scab 0.05491540599999999 409.0 207.0 485.0 341.0
scab 0.05429758 399.0 311.0 439.0 388.0
scab 0.053957563 997.0 279.0 1078.0 458.0
scab 0.05342205 1470.0 1163.0 1558.0 1347.0
scab 0.0486727 668.0 402.0 715.0 466.0
scab 0.04680543400000001 688.0 166.0 735.0 244.0
scab 0.04588392 1086.0 572.0 1182.0 742.0
scab 0.045161377999999995 458.0 788.0 505.0 863.0
scab 0.04458031 658.0 721.0 747.0 852.0
scab 0.043669137999999996 1213.0 460.0 1302.0 624.0
scab 0.043489788 547.0 546.0 592.0 630.0
scab 0.04330147 619.0 711.0 706.0 848.0
scab 0.043031417 1485.0 1037.0 1532.0 1110.0
scab 0.04300797 588.0 164.0 653.0 297.0
scab 0.042654414 688.0 734.0 735.0 813.0
scab 0.04159376 707.0 606.0 757.0 696.0
scab 0.040644504 827.0 621.0 919.0 794.0
scab 0.039781716 1385.0 588.0 1468.0 757.0
scab 0.03932665 672.0 90.0 716.0 180.0
scab 0.038616374 476.0 653.0 521.0 729.0
scab 0.03831208 498.0 150.0 561.0 311.0
scab 0.038157146 717.0 268.0 756.0 346.0
scab 0.036464535 419.0 231.0 465.0 311.0
scab 0.035873893999999996 486.0 332.0 579.0 475.0
scab 0.03389064 478.0 359.0 522.0 431.0
scab 0.032720905 616.0 286.0 708.0 439.0
scab 0.03112952 1188.0 526.0 1233.0 608.0
scab 0.031046722000000002 360.0 229.0 447.0 406.0
scab 0.03006755 608.0 512.0 653.0 578.0
scab 0.029978183999999998 463.0 158.0 529.0 316.0
scab 0.02897793 875.0 544.0 960.0 688.0
scab 0.028643752 714.0 509.0 759.0 581.0
scab 0.02797116 1122.0 570.0 1167.0 651.0
scab 0.027842738 526.0 329.0 622.0 483.0
scab 0.027704963 794.0 141.0 860.0 326.0
scab 0.027071046 521.0 571.0 568.0 647.0
scab 0.026874604 701.0 811.0 741.0 881.0
scab 0.026481183 996.0 506.0 1039.0 585.0
scab 0.026112426 793.0 618.0 878.0 781.0
scab 0.025945911000000002 52.0 166.0 99.0 236.0
rust 0.02560769 400.0 539.0 427.0 578.0
scab 0.025156252 575.0 280.0 663.0 442.0
scab 0.024947051 761.0 157.0 826.0 308.0
scab 0.024454556000000002 616.0 537.0 697.0 685.0
scab 0.024398487000000003 496.0 494.0 581.0 660.0
scab 0.023635492 478.0 299.0 515.0 359.0
scab 0.022945404 635.0 113.0 701.0 272.0
scab 0.022526087 1641.0 317.0 1724.0 490.0
scab 0.020915948 1388.0 1053.0 1465.0 1205.0
scab 0.020847758 449.0 334.0 537.0 469.0
scab 0.020693034 952.0 460.0 1043.0 611.0
scab 0.020692818 543.0 372.0 584.0 453.0
scab 0.020518283999999998 1160.0 609.0 1208.0 695.0
scab 0.020481035 1058.0 557.0 1204.0 683.0
scab 0.02047316 374.0 36.0 449.0 189.0
scab 0.02019709 542.0 32.0 608.0 189.0
scab 0.020013897 1173.0 755.0 1254.0 908.0
scab 0.019116629 564.0 526.0 608.0 608.0
scab 0.019063758 1292.0 755.0 1335.0 844.0
scab 0.01903962 913.0 328.0 997.0 475.0
rust 0.018918581 395.0 524.0 434.0 594.0
scab 0.018861491 612.0 444.0 651.0 509.0
scab 0.018655114 498.0 227.0 542.0 302.0
scab 0.0185844 844.0 107.0 912.0 267.0
scab 0.018425388 589.0 229.0 628.0 299.0
scab 0.01825056 798.0 678.0 837.0 752.0
scab 0.018059537 761.0 340.0 801.0 408.0
scab 0.018006312 677.0 415.0 707.0 457.0
scab 0.017706683 669.0 155.0 735.0 293.0
scab 0.017172977 625.0 732.0 671.0 821.0
scab 0.016618665 905.0 618.0 946.0 681.0
scab 0.016459593999999998 780.0 106.0 822.0 174.0
scab 0.016401164 737.0 77.0 924.0 311.0
scab 0.016357409 395.0 74.0 440.0 163.0
scab 0.01631628 1224.0 523.0 1273.0 606.0
scab 0.01604032 591.0 679.0 663.0 744.0
scab 0.015738096 334.0 253.0 408.0 381.0
scab 0.015363307 573.0 374.0 652.0 507.0
scab 0.015359774 926.0 107.0 991.0 270.0
scab 0.015217343000000001 622.0 41.0 791.0 264.0
scab 0.015123828999999998 505.0 62.0 573.0 240.0
scab 0.014641155500000001 481.0 222.0 528.0 306.0
rust 0.014545589 736.0 799.0 763.0 840.0
scab 0.014274247 660.0 547.0 747.0 708.0
scab 0.014180073999999999 764.0 67.0 832.0 233.0
scab 0.0139756175 328.0 114.0 402.0 270.0
scab 0.013934483000000001 695.0 720.0 780.0 867.0
scab 0.013861759 820.0 94.0 867.0 179.0
scab 0.013805474 826.0 72.0 1011.0 317.0
scab 0.013732151000000001 627.0 504.0 674.0 579.0
scab 0.013152951999999999 752.0 170.0 902.0 393.0
scab 0.012879163999999999 1256.0 749.0 1338.0 901.0
scab 0.012517068999999999 527.0 299.0 564.0 364.0
rust 0.012459736 706.0 826.0 735.0 868.0
scab 0.01222505 396.0 517.0 440.0 583.0
scab 0.0121824555 708.0 24.0 776.0 186.0
rust 0.012063198999999998 502.0 997.0 566.0 1184.0
scab 0.012046049 866.0 624.0 953.0 790.0
rust 0.012007118999999998 701.0 811.0 741.0 881.0
scab 0.012000872 1038.0 615.0 1080.0 691.0
scab 0.011960542 664.0 413.0 691.0 456.0
scab 0.011889331000000001 592.0 392.0 635.0 479.0
scab 0.011828027 1392.0 797.0 1476.0 968.0
scab 0.011752414 1377.0 636.0 1420.0 711.0
scab 0.011722245 627.0 177.0 674.0 267.0
scab 0.011661227 499.0 741.0 543.0 812.0
scab 0.011591623 439.0 751.0 526.0 905.0
scab 0.011500255 710.0 596.0 864.0 717.0
scab 0.01130209 752.0 468.0 843.0 603.0
scab 0.011278073000000001 619.0 456.0 645.0 497.0
scab 0.011045731000000001 1398.0 1086.0 1443.0 1159.0
scab 0.010945679 599.0 521.0 714.0 627.0
scab 0.010784928000000001 1192.0 590.0 1328.0 831.0
scab 0.010778295 823.0 240.0 906.0 398.0
scab 0.010725247 650.0 259.0 690.0 323.0
scab 0.010696923999999998 1422.0 616.0 1512.0 793.0
scab 0.010657612 1417.0 615.0 1460.0 687.0
scab 0.010644245 612.0 584.0 655.0 668.0
