rust 0.50877655 1556.0 730.0 1590.0 775.0
rust 0.45874688 939.0 1114.0 971.0 1158.0
rust 0.30093673 789.0 898.0 822.0 942.0
rust 0.24692240000000001 789.0 721.0 823.0 765.0
rust 0.20567688 1078.0 741.0 1105.0 781.0
rust 0.1822994 526.0 849.0 553.0 889.0
rust 0.17965028 1157.0 1006.0 1187.0 1050.0
scab 0.02374802 801.0 286.0 877.0 444.0
rust 0.022465901 774.0 896.0 837.0 948.0
scab 0.020927198 1078.0 741.0 1105.0 781.0
rust 0.019975305 1151.0 1000.0 1205.0 1060.0
scab 0.019316848 789.0 721.0 823.0 765.0
scab 0.017921759 784.0 892.0 824.0 950.0
scab 0.017611599999999998 526.0 849.0 553.0 889.0
scab 0.017566524 1152.0 998.0 1190.0 1060.0
scab 0.016200526 939.0 1114.0 971.0 1158.0
scab 0.015701216 1556.0 730.0 1590.0 775.0
rust 0.012132668000000001 775.0 715.0 838.0 769.0
