rust 0.72142553 802.0 638.0 881.0 843.0
rust 0.47817868 1087.0 484.0 1148.0 559.0
scab 0.24396202 1462.0 450.0 1503.0 506.0
rust 0.19376785 763.0 674.0 912.0 815.0
rust 0.15886866 485.0 987.0 529.0 1041.0
scab 0.12761378 1545.0 259.0 1594.0 315.0
scab 0.10796613 545.0 1030.0 585.0 1084.0
scab 0.07690776 639.0 969.0 697.0 1043.0
scab 0.060730137000000003 485.0 987.0 529.0 1041.0
scab 0.059388984000000006 1087.0 484.0 1148.0 559.0
rust 0.044705472999999996 641.0 969.0 696.0 1030.0
scab 0.036111146000000004 1989.0 643.0 2048.0 843.0
rust 0.03174396 1462.0 450.0 1503.0 506.0
rust 0.024312057999999998 545.0 1030.0 585.0 1084.0
rust 0.02166333 1094.0 457.0 1153.0 601.0
rust 0.020542376 1545.0 259.0 1594.0 315.0
rust 0.01948879 454.0 941.0 503.0 998.0
scab 0.018063525 1094.0 457.0 1153.0 601.0
scab 0.016378546 1261.0 627.0 1348.0 796.0
rust 0.015862051000000002 1.0 119.0 51.0 199.0
rust 0.015774967 1447.0 329.0 1473.0 368.0
rust 0.0143051185 1687.0 517.0 1715.0 558.0
scab 0.01413425 1099.0 216.0 1145.0 282.0
rust 0.013958166000000001 1098.0 502.0 1136.0 547.0
rust 0.01393505 1989.0 643.0 2048.0 843.0
rust 0.013038816000000002 1099.0 216.0 1145.0 282.0
scab 0.010510366 802.0 638.0 881.0 843.0
rust 0.010110652 1206.0 852.0 1249.0 923.0
