rust 0.29897440000000003 1004.0 364.0 1083.0 594.0
rust 0.15254599 961.0 351.0 1055.0 555.0
scab 0.11817911 1313.0 620.0 1352.0 682.0
rust 0.09282684 914.0 374.0 1106.0 536.0
scab 0.0420338 997.0 323.0 1084.0 590.0
scab 0.034347802000000004 961.0 351.0 1055.0 555.0
scab 0.03111158 914.0 374.0 1106.0 536.0
rust 0.026611198 934.0 363.0 1005.0 546.0
scab 0.01634757 934.0 363.0 1005.0 546.0
scab 0.01489935 390.0 638.0 434.0 713.0
scab 0.012740182 970.0 677.0 1011.0 751.0
scab 0.012088342 359.0 584.0 387.0 625.0
rust 0.012045153000000001 1313.0 620.0 1352.0 682.0
scab 0.011538024 1083.0 655.0 1124.0 730.0
scab 0.011436041000000001 776.0 664.0 818.0 720.0
