scab 0.5605319000000001 1261.0 631.0 1352.0 767.0
scab 0.29250529999999997 867.0 670.0 958.0 824.0
scab 0.28064033 999.0 378.0 1079.0 521.0
scab 0.23086785 1002.0 656.0 1083.0 830.0
scab 0.22419944 910.0 497.0 996.0 654.0
scab 0.2176577 1433.0 728.0 1525.0 864.0
scab 0.20417583 624.0 620.0 712.0 770.0
scab 0.18125449 748.0 578.0 834.0 724.0
scab 0.17954147 1158.0 480.0 1207.0 562.0
scab 0.17048739 653.0 518.0 695.0 612.0
scab 0.16836372 1185.0 570.0 1228.0 647.0
scab 0.16707858 992.0 654.0 1041.0 729.0
scab 0.15803322 1136.0 462.0 1206.0 594.0
scab 0.15267146 1461.0 577.0 1548.0 732.0
scab 0.15212387 367.0 602.0 455.0 732.0
scab 0.13994601 1012.0 395.0 1060.0 481.0
scab 0.13761976 1414.0 501.0 1459.0 582.0
scab 0.13025686 1300.0 800.0 1393.0 933.0
scab 0.12844688 1010.0 453.0 1094.0 602.0
scab 0.11434235400000001 389.0 637.0 441.0 704.0
scab 0.110163175 556.0 570.0 607.0 640.0
scab 0.108957045 1219.0 502.0 1297.0 638.0
scab 0.108526476 1475.0 457.0 1549.0 593.0
scab 0.101836756 1525.0 729.0 1571.0 796.0
scab 0.09752456 1171.0 552.0 1252.0 691.0
scab 0.09455414 1206.0 758.0 1301.0 908.0
scab 0.09368163 870.0 745.0 958.0 903.0
scab 0.09251631 1170.0 755.0 1263.0 905.0
scab 0.09179104 1341.0 595.0 1425.0 739.0
scab 0.09040658 998.0 792.0 1083.0 948.0
scab 0.08914644 1350.0 625.0 1398.0 713.0
scab 0.08011351 773.0 598.0 825.0 664.0
scab 0.07936231 1243.0 508.0 1288.0 588.0
scab 0.077750035 846.0 587.0 891.0 667.0
scab 0.0737158 1268.0 651.0 1318.0 740.0
scab 0.07231468 535.0 544.0 608.0 678.0
scab 0.07203694 901.0 677.0 947.0 757.0
scab 0.07158001 580.0 485.0 628.0 554.0
scab 0.06867615 924.0 586.0 975.0 662.0
scab 0.06817639999999998 839.0 710.0 929.0 863.0
scab 0.066824846 1333.0 711.0 1378.0 799.0
scab 0.064809695 1385.0 464.0 1460.0 602.0
scab 0.06467924 1114.0 574.0 1161.0 643.0
scab 0.06406281 1178.0 798.0 1222.0 882.0
scab 0.06341994599999999 993.0 575.0 1037.0 641.0
scab 0.061490405 1485.0 475.0 1535.0 560.0
scab 0.060961165 906.0 512.0 990.0 581.0
scab 0.05999675 1207.0 741.0 1252.0 810.0
scab 0.05374741 1034.0 497.0 1081.0 583.0
scab 0.04870504 1144.0 397.0 1188.0 472.0
scab 0.04778471 649.0 624.0 696.0 718.0
scab 0.047569882 804.0 506.0 849.0 580.0
scab 0.047417864000000004 778.0 544.0 878.0 699.0
scab 0.047196165 1297.0 531.0 1337.0 605.0
scab 0.04713796 1309.0 823.0 1358.0 900.0
scab 0.043560825 967.0 643.0 1052.0 764.0
scab 0.041334458 1335.0 764.0 1423.0 909.0
scab 0.041075528 1103.0 853.0 1144.0 924.0
scab 0.04022641 826.0 552.0 912.0 682.0
scab 0.039841477 911.0 799.0 995.0 943.0
scab 0.03887036 1504.0 704.0 1601.0 864.0
scab 0.037921336 660.0 502.0 740.0 639.0
scab 0.037290245 1088.0 712.0 1172.0 862.0
scab 0.03579882 799.0 363.0 852.0 436.0
scab 0.035711385 1243.0 846.0 1288.0 916.0
scab 0.03564238 1128.0 760.0 1219.0 903.0
scab 0.034304686 1089.0 552.0 1169.0 680.0
scab 0.032484252000000005 646.0 588.0 739.0 743.0
scab 0.031520243999999996 1116.0 870.0 1158.0 939.0
scab 0.03127554 1128.0 552.0 1224.0 687.0
scab 0.031046316 1077.0 643.0 1117.0 711.0
scab 0.030632408 1299.0 667.0 1383.0 799.0
scab 0.029176867000000002 1466.0 634.0 1509.0 710.0
scab 0.028701391 1433.0 552.0 1521.0 704.0
scab 0.02830791 1032.0 848.0 1078.0 929.0
scab 0.02789543 1087.0 796.0 1176.0 945.0
scab 0.02782846 1179.0 610.0 1223.0 691.0
scab 0.027473712 1226.0 397.0 1275.0 475.0
scab 0.02737715 630.0 677.0 673.0 745.0
scab 0.027087659 794.0 469.0 868.0 597.0
scab 0.02682379 1249.0 768.0 1344.0 909.0
scab 0.026476221 712.0 504.0 753.0 586.0
scab 0.02588269 880.0 464.0 968.0 605.0
scab 0.02480518 1458.0 762.0 1510.0 841.0
scab 0.024659697 945.0 521.0 988.0 602.0
scab 0.02329099 1227.0 630.0 1316.0 769.0
scab 0.022730814 1249.0 778.0 1292.0 861.0
scab 0.022151075 912.0 413.0 994.0 569.0
scab 0.021806324 1370.0 800.0 1416.0 876.0
scab 0.02119021 1293.0 593.0 1393.0 753.0
scab 0.020022005 1439.0 762.0 1487.0 836.0
scab 0.019797927 1337.0 666.0 1418.0 809.0
scab 0.019437293 1082.0 356.0 1126.0 438.0
scab 0.019067306000000003 1166.0 823.0 1208.0 899.0
scab 0.018660957 457.0 622.0 498.0 687.0
scab 0.01848891 1551.0 699.0 1636.0 872.0
scab 0.017891003 330.0 505.0 405.0 635.0
scab 0.017743418 1216.0 754.0 1244.0 800.0
scab 0.017605076 912.0 437.0 956.0 514.0
scab 0.017485356 1219.0 379.0 1292.0 509.0
scab 0.016992157 626.0 505.0 705.0 635.0
scab 0.016866012 791.0 334.0 867.0 475.0
scab 0.016612599999999998 1122.0 807.0 1160.0 879.0
scab 0.016314156 858.0 578.0 904.0 648.0
scab 0.016236244 1334.0 363.0 1378.0 434.0
scab 0.016039686 1591.0 767.0 1638.0 843.0
scab 0.016020915 1382.0 590.0 1473.0 735.0
scab 0.015941968 537.0 459.0 618.0 616.0
scab 0.015891455 819.0 491.0 863.0 564.0
scab 0.015739279 398.0 613.0 485.0 771.0
scab 0.015597723 872.0 543.0 969.0 682.0
scab 0.015356963000000001 409.0 634.0 457.0 707.0
scab 0.015321565 357.0 638.0 399.0 710.0
scab 0.015196058 270.0 627.0 311.0 712.0
scab 0.014156773000000001 707.0 554.0 795.0 689.0
scab 0.014107608 1049.0 485.0 1095.0 561.0
scab 0.013772983999999999 1477.0 585.0 1525.0 673.0
scab 0.013583427 1001.0 671.0 1032.0 719.0
scab 0.013528695 1414.0 654.0 1455.0 728.0
scab 0.013365914 568.0 587.0 597.0 631.0
scab 0.013308329499999999 1186.0 599.0 1337.0 728.0
scab 0.013076774 1477.0 776.0 1525.0 858.0
scab 0.012964056000000002 945.0 382.0 985.0 448.0
scab 0.012777358999999999 1101.0 582.0 1146.0 666.0
scab 0.012719777 911.0 639.0 1001.0 776.0
scab 0.012622968 909.0 823.0 953.0 898.0
scab 0.012515963 1250.0 507.0 1335.0 634.0
scab 0.012082468999999998 1124.0 885.0 1151.0 927.0
scab 0.01200525 870.0 779.0 912.0 860.0
scab 0.011996451000000002 997.0 585.0 1083.0 751.0
scab 0.011538193 656.0 525.0 686.0 573.0
rust 0.011534488999999998 1261.0 631.0 1352.0 767.0
scab 0.011483556 1101.0 762.0 1143.0 835.0
scab 0.011435229 1265.0 766.0 1312.0 835.0
scab 0.011423953999999998 1597.0 608.0 1675.0 791.0
scab 0.011323221000000001 1039.0 500.0 1126.0 642.0
scab 0.011315186999999999 401.0 652.0 431.0 698.0
scab 0.011203679 556.0 583.0 585.0 630.0
scab 0.010999438 1089.0 331.0 1168.0 479.0
scab 0.0109354295 1155.0 598.0 1277.0 705.0
scab 0.010912891000000001 881.0 354.0 923.0 427.0
scab 0.010856258999999998 356.0 498.0 434.0 642.0
scab 0.010714978 589.0 499.0 619.0 543.0
scab 0.010677215 437.0 588.0 527.0 733.0
scab 0.010607311999999999 1357.0 792.0 1403.0 859.0
scab 0.01032611 888.0 689.0 935.0 781.0
scab 0.010308596 1123.0 681.0 1211.0 815.0
scab 0.010299655 1131.0 371.0 1207.0 528.0
scab 0.010213475999999999 1085.0 634.0 1172.0 776.0
scab 0.010186004 1034.0 672.0 1129.0 824.0
