rust 0.72712356 975.0 479.0 1022.0 559.0
rust 0.70748055 621.0 478.0 672.0 556.0
rust 0.69360316 1112.0 831.0 1157.0 897.0
rust 0.67467016 1668.0 428.0 1719.0 490.0
rust 0.636383 622.0 306.0 682.0 392.0
rust 0.59283453 1157.0 759.0 1202.0 828.0
rust 0.55244595 1637.0 385.0 1681.0 449.0
rust 0.5520878 652.0 776.0 700.0 853.0
rust 0.54901457 457.0 175.0 508.0 238.0
rust 0.47745115 1155.0 558.0 1201.0 614.0
rust 0.40369403 1946.0 917.0 1991.0 985.0
rust 0.3653132 314.0 353.0 349.0 395.0
rust 0.32067066 457.0 671.0 491.0 711.0
rust 0.26449826 963.0 974.0 994.0 1016.0
rust 0.23224009999999998 512.0 17.0 542.0 56.0
rust 0.20811495 1454.0 631.0 1485.0 673.0
rust 0.18872668 54.0 500.0 84.0 536.0
rust 0.18100876 1361.0 654.0 1388.0 693.0
scab 0.14625286 745.0 780.0 825.0 966.0
scab 0.13347144 800.0 693.0 848.0 772.0
rust 0.107129894 702.0 83.0 755.0 140.0
rust 0.07594958 1121.0 585.0 1150.0 621.0
rust 0.06941921 1603.0 163.0 1658.0 232.0
scab 0.06922030400000001 739.0 780.0 784.0 861.0
rust 0.06654381 1927.0 465.0 1971.0 547.0
rust 0.06520442 1111.0 576.0 1160.0 629.0
scab 0.06356805 1111.0 576.0 1160.0 629.0
rust 0.0634907 445.0 668.0 508.0 716.0
rust 0.055895198 1411.0 130.0 1461.0 202.0
scab 0.05534227 930.0 399.0 957.0 439.0
rust 0.054114632 1456.0 55.0 1511.0 129.0
rust 0.043253466 715.0 94.0 746.0 129.0
scab 0.042529605 1361.0 654.0 1388.0 693.0
scab 0.04100319 1155.0 558.0 1201.0 614.0
rust 0.036342856 1499.0 235.0 1552.0 307.0
scab 0.036085036 1121.0 585.0 1150.0 621.0
scab 0.034277037 1454.0 631.0 1485.0 673.0
scab 0.03330124 449.0 669.0 498.0 714.0
rust 0.032953143 659.0 794.0 694.0 839.0
rust 0.030856658 453.0 606.0 478.0 643.0
scab 0.027399896 314.0 353.0 349.0 395.0
scab 0.02530825 139.0 270.0 182.0 355.0
scab 0.024644155 51.0 228.0 98.0 299.0
scab 0.02264096 652.0 776.0 700.0 853.0
rust 0.021761842000000003 930.0 399.0 957.0 439.0
rust 0.02140511 951.0 315.0 978.0 356.0
rust 0.018206654 629.0 497.0 664.0 541.0
scab 0.017517468 634.0 271.0 680.0 430.0
rust 0.016869046000000002 629.0 452.0 679.0 596.0
scab 0.016808579 789.0 670.0 862.0 809.0
rust 0.016792597 299.0 271.0 327.0 305.0
rust 0.016606204 1436.0 626.0 1500.0 678.0
scab 0.015634764 777.0 843.0 820.0 929.0
scab 0.015135686 1157.0 759.0 1202.0 828.0
scab 0.014436023999999999 457.0 175.0 508.0 238.0
scab 0.014190457 963.0 974.0 994.0 1016.0
rust 0.012893856 1419.0 145.0 1455.0 185.0
scab 0.012242570500000001 453.0 606.0 478.0 643.0
rust 0.012084299 958.0 966.0 1013.0 1021.0
rust 0.01194011 631.0 244.0 680.0 433.0
scab 0.011246168 808.0 711.0 840.0 758.0
rust 0.010931422 1616.0 181.0 1650.0 214.0
