rust 0.62388325 1312.0 833.0 1374.0 1009.0
rust 0.49190804 1244.0 563.0 1301.0 656.0
rust 0.2808775 800.0 456.0 868.0 631.0
scab 0.16387758 800.0 456.0 868.0 631.0
rust 0.104287066 1389.0 869.0 1446.0 1054.0
rust 0.09974802 1381.0 917.0 1439.0 1019.0
rust 0.091850735 1304.0 864.0 1363.0 961.0
rust 0.08648475 803.0 502.0 876.0 581.0
scab 0.07073494 1241.0 537.0 1301.0 684.0
rust 0.05875169 1277.0 870.0 1413.0 975.0
rust 0.04707845 1358.0 873.0 1421.0 1035.0
rust 0.041030742 1303.0 867.0 1470.0 1033.0
scab 0.028477047000000002 803.0 502.0 876.0 581.0
rust 0.021133125 1205.0 578.0 1329.0 648.0
scab 0.018328773 1312.0 833.0 1374.0 1009.0
scab 0.016845113000000002 1389.0 869.0 1446.0 1054.0
rust 0.016659135 1283.0 801.0 1398.0 1034.0
rust 0.016277157 711.0 249.0 768.0 328.0
scab 0.010804717 997.0 822.0 1084.0 1007.0
scab 0.010119899 1303.0 867.0 1470.0 1033.0
