rust 0.75294465 1206.0 555.0 1254.0 625.0
rust 0.69258416 1106.0 532.0 1161.0 600.0
rust 0.51588947 1479.0 583.0 1525.0 646.0
rust 0.49757305 1267.0 385.0 1311.0 441.0
rust 0.2839359 789.0 408.0 853.0 482.0
scab 0.043588337000000005 1190.0 758.0 1216.0 795.0
rust 0.033242352 1190.0 758.0 1216.0 795.0
scab 0.027649792000000003 1267.0 385.0 1311.0 441.0
scab 0.027217623 797.0 372.0 852.0 519.0
scab 0.023084572 1480.0 585.0 1523.0 656.0
rust 0.01592865 226.0 370.0 273.0 455.0
scab 0.013580923 1105.0 526.0 1154.0 607.0
scab 0.010934982 1206.0 555.0 1254.0 625.0
scab 0.010062035 537.0 662.0 582.0 726.0
