scab 0.42115623 1033.0 746.0 1141.0 929.0
scab 0.22341925 803.0 631.0 886.0 761.0
scab 0.21332283 1383.0 711.0 1462.0 883.0
rust 0.1785033 470.0 544.0 503.0 586.0
scab 0.066501245 995.0 802.0 1041.0 888.0
scab 0.06080944 831.0 651.0 883.0 733.0
rust 0.044686984000000006 651.0 358.0 677.0 397.0
scab 0.044187177 1382.0 760.0 1425.0 840.0
scab 0.03985484 470.0 544.0 503.0 586.0
scab 0.035207715 1006.0 776.0 1103.0 947.0
scab 0.030178964 1071.0 797.0 1118.0 888.0
scab 0.029523293 1058.0 765.0 1184.0 894.0
scab 0.028204884 323.0 675.0 403.0 823.0
rust 0.027819926000000002 1533.0 740.0 1556.0 778.0
scab 0.023532317999999997 1146.0 708.0 1188.0 770.0
scab 0.022475033999999998 408.0 667.0 484.0 826.0
scab 0.020230718 953.0 632.0 979.0 671.0
scab 0.01908077 431.0 635.0 478.0 707.0
scab 0.01769355 415.0 712.0 461.0 799.0
scab 0.017437175 324.0 706.0 378.0 801.0
rust 0.015059466499999999 643.0 343.0 685.0 406.0
rust 0.014822024 727.0 570.0 754.0 609.0
rust 0.013174821000000001 450.0 543.0 520.0 587.0
scab 0.011607534 806.0 652.0 851.0 733.0
scab 0.01137492 1124.0 783.0 1165.0 861.0
scab 0.011364373999999998 450.0 543.0 520.0 587.0
scab 0.011193935 968.0 760.0 1049.0 910.0
