rust 0.5084867999999999 927.0 555.0 980.0 651.0
rust 0.38941786 940.0 918.0 996.0 993.0
rust 0.35497528 1133.0 549.0 1178.0 631.0
rust 0.16625044 1165.0 670.0 1207.0 759.0
scab 0.09055094 672.0 783.0 718.0 851.0
scab 0.05697497 1055.0 745.0 1094.0 806.0
rust 0.05169591 849.0 906.0 876.0 944.0
scab 0.048529413 593.0 771.0 635.0 834.0
rust 0.04374187 1445.0 1266.0 1467.0 1304.0
scab 0.04050209 938.0 886.0 995.0 1032.0
scab 0.03492215 718.0 620.0 758.0 688.0
scab 0.03425228 963.0 693.0 1035.0 886.0
scab 0.030943002999999997 329.0 481.0 402.0 659.0
scab 0.028889599999999994 952.0 790.0 999.0 862.0
rust 0.023580793 1589.0 678.0 1631.0 754.0
rust 0.022927461 999.0 698.0 1027.0 738.0
scab 0.022229666000000002 849.0 906.0 876.0 944.0
scab 0.021857832 988.0 764.0 1032.0 840.0
scab 0.021621333 968.0 780.0 1018.0 860.0
scab 0.021234218 1133.0 549.0 1178.0 631.0
scab 0.0209019 835.0 666.0 913.0 816.0
scab 0.020777623999999998 679.0 797.0 710.0 841.0
scab 0.019368848 935.0 528.0 984.0 686.0
scab 0.016629448 996.0 691.0 1031.0 776.0
rust 0.015557808000000001 996.0 691.0 1031.0 776.0
rust 0.014390871000000001 593.0 771.0 635.0 834.0
scab 0.014196786999999999 1208.0 1027.0 1289.0 1232.0
rust 0.013126131000000001 329.0 481.0 402.0 659.0
scab 0.013022726 1165.0 670.0 1207.0 759.0
rust 0.012807944 1617.0 534.0 1658.0 602.0
scab 0.0123446835 905.0 1255.0 949.0 1332.0
scab 0.011272637 1445.0 1266.0 1467.0 1304.0
rust 0.010654251000000002 1138.0 566.0 1172.0 612.0
