scab 0.40342322 783.0 572.0 874.0 729.0
scab 0.38016838 698.0 793.0 782.0 946.0
scab 0.3499657 1127.0 508.0 1221.0 652.0
scab 0.31149715 954.0 670.0 1047.0 811.0
scab 0.25518924 1208.0 602.0 1308.0 784.0
scab 0.23401426 579.0 849.0 661.0 981.0
scab 0.21307693 484.0 553.0 567.0 697.0
scab 0.20690343 1251.0 410.0 1344.0 574.0
scab 0.200401 823.0 771.0 868.0 836.0
scab 0.19729649 622.0 510.0 695.0 636.0
scab 0.18775004 963.0 494.0 1053.0 649.0
scab 0.17959042 661.0 594.0 742.0 729.0
scab 0.16664708 534.0 682.0 586.0 752.0
scab 0.16488491 1378.0 374.0 1466.0 531.0
scab 0.16307853 499.0 592.0 552.0 671.0
scab 0.1488287 675.0 612.0 722.0 690.0
scab 0.1410005 647.0 698.0 697.0 767.0
scab 0.12651414 622.0 671.0 710.0 817.0
scab 0.109388046 816.0 409.0 866.0 470.0
scab 0.09856475 1239.0 567.0 1334.0 759.0
scab 0.090110734 631.0 532.0 683.0 607.0
scab 0.08464244 530.0 639.0 615.0 777.0
scab 0.08458715 697.0 843.0 745.0 929.0
scab 0.08240571 969.0 696.0 1022.0 779.0
scab 0.081530035 1132.0 711.0 1208.0 854.0
scab 0.07484951 605.0 873.0 656.0 948.0
scab 0.06906507 1194.0 305.0 1265.0 431.0
scab 0.061510537000000004 823.0 707.0 911.0 864.0
scab 0.06147054 706.0 496.0 781.0 644.0
scab 0.058693048 1217.0 419.0 1312.0 557.0
scab 0.056907784 1000.0 534.0 1084.0 685.0
scab 0.05322595 988.0 514.0 1037.0 583.0
scab 0.052886628 1951.0 810.0 1998.0 884.0
scab 0.052566454000000006 588.0 883.0 638.0 967.0
scab 0.051678024 793.0 724.0 881.0 863.0
scab 0.046209674000000006 795.0 605.0 848.0 688.0
scab 0.04588155 581.0 746.0 624.0 811.0
scab 0.043131832 1146.0 741.0 1192.0 821.0
scab 0.043126985 1138.0 549.0 1228.0 623.0
scab 0.037126567 866.0 700.0 909.0 777.0
scab 0.035926856 916.0 637.0 1008.0 785.0
scab 0.035237577 601.0 638.0 646.0 713.0
scab 0.033023637 1344.0 388.0 1441.0 589.0
scab 0.032651074 1183.0 626.0 1271.0 782.0
scab 0.031789914 736.0 805.0 782.0 879.0
scab 0.03110234 1175.0 417.0 1260.0 559.0
scab 0.030347306 1042.0 587.0 1130.0 739.0
scab 0.02919091 881.0 772.0 920.0 834.0
scab 0.028933022000000003 498.0 612.0 582.0 785.0
scab 0.028893156 1295.0 443.0 1388.0 617.0
scab 0.028633961 755.0 553.0 843.0 699.0
scab 0.027703071 1020.0 621.0 1062.0 688.0
scab 0.027295892999999998 568.0 639.0 659.0 774.0
scab 0.027186645 795.0 364.0 870.0 514.0
scab 0.026058914 1373.0 421.0 1462.0 491.0
scab 0.02450133 756.0 784.0 799.0 861.0
scab 0.020217804 717.0 924.0 758.0 987.0
scab 0.020214856 1884.0 1282.0 1925.0 1346.0
scab 0.019005993 975.0 528.0 1053.0 596.0
scab 0.01825487 657.0 714.0 687.0 758.0
scab 0.01736781 712.0 822.0 762.0 914.0
scab 0.01712083 1119.0 546.0 1166.0 623.0
scab 0.015902739 1202.0 337.0 1285.0 405.0
scab 0.015830709 671.0 426.0 710.0 487.0
scab 0.015572185 738.0 760.0 832.0 904.0
scab 0.01540454 1090.0 524.0 1180.0 702.0
scab 0.015267148000000001 1039.0 500.0 1130.0 655.0
scab 0.01514014 429.0 570.0 573.0 666.0
scab 0.014920006000000001 602.0 645.0 732.0 766.0
scab 0.01467252 719.0 672.0 744.0 713.0
scab 0.014506071 1801.0 1275.0 1847.0 1351.0
scab 0.014258284 623.0 590.0 715.0 736.0
scab 0.014127889 1771.0 1216.0 1859.0 1365.0
scab 0.013876985 1911.0 1228.0 1958.0 1303.0
scab 0.013836695 1267.0 420.0 1416.0 558.0
scab 0.013474078 993.0 619.0 1089.0 798.0
scab 0.0130239595 1937.0 735.0 2017.0 934.0
scab 0.012745681000000002 813.0 589.0 862.0 672.0
scab 0.01271109 1081.0 579.0 1163.0 744.0
scab 0.012702443999999999 991.0 457.0 1082.0 627.0
scab 0.012540535 1035.0 552.0 1078.0 625.0
scab 0.012521833999999999 652.0 500.0 751.0 651.0
scab 0.012207013999999999 961.0 414.0 1038.0 579.0
scab 0.011870245 1415.0 404.0 1464.0 478.0
scab 0.011858918000000001 820.0 354.0 863.0 429.0
scab 0.011548778 547.0 667.0 695.0 806.0
scab 0.011284398000000001 699.0 508.0 739.0 585.0
scab 0.011168758 1357.0 320.0 1399.0 392.0
scab 0.011109338 1395.0 403.0 1445.0 480.0
scab 0.011057321 937.0 419.0 1065.0 660.0
scab 0.011023173 873.0 627.0 960.0 784.0
scab 0.010999971 965.0 473.0 1110.0 688.0
scab 0.010923555 1150.0 516.0 1263.0 631.0
scab 0.010848047 657.0 710.0 737.0 853.0
scab 0.010780296000000002 813.0 542.0 914.0 707.0
scab 0.010443043 1800.0 1213.0 1900.0 1365.0
scab 0.01042912 1158.0 716.0 1202.0 806.0
scab 0.01040922 1095.0 409.0 1246.0 670.0
scab 0.010397881 841.0 771.0 927.0 835.0
scab 0.010340176 830.0 618.0 911.0 787.0
scab 0.01030694 1172.0 322.0 1336.0 583.0
scab 0.010136932 642.0 681.0 752.0 796.0
