rust 0.64725745 570.0 957.0 615.0 1028.0
rust 0.562088 1024.0 675.0 1082.0 741.0
rust 0.40601122 1102.0 856.0 1134.0 900.0
rust 0.40357015 900.0 458.0 945.0 518.0
rust 0.34909996 379.0 561.0 439.0 639.0
rust 0.32295537 1616.0 645.0 1659.0 707.0
rust 0.28733933 185.0 978.0 252.0 1054.0
rust 0.05883265 1776.0 771.0 1822.0 840.0
scab 0.053943247 1616.0 645.0 1659.0 707.0
scab 0.05053641 570.0 957.0 615.0 1028.0
rust 0.040351693 201.0 487.0 242.0 552.0
rust 0.038414 1036.0 690.0 1070.0 731.0
rust 0.034651093 1830.0 1254.0 1865.0 1326.0
scab 0.032574512 185.0 978.0 252.0 1054.0
rust 0.022028212000000002 1423.0 1052.0 1450.0 1090.0
scab 0.021694257999999998 1024.0 675.0 1082.0 741.0
scab 0.013753701 901.0 463.0 943.0 523.0
scab 0.012898224 383.0 533.0 436.0 680.0
scab 0.012470594 478.0 896.0 520.0 955.0
scab 0.011947898 1102.0 856.0 1134.0 900.0
scab 0.011711326000000001 693.0 683.0 735.0 754.0
scab 0.011448669 1776.0 771.0 1822.0 840.0
