scab 0.44806498 841.0 374.0 919.0 518.0
scab 0.43936944 895.0 566.0 1009.0 750.0
scab 0.370848 739.0 593.0 842.0 741.0
scab 0.36861742 872.0 748.0 952.0 895.0
scab 0.36335373 1039.0 883.0 1131.0 1042.0
scab 0.33736170000000004 1113.0 698.0 1219.0 870.0
scab 0.31190628 1086.0 547.0 1180.0 709.0
scab 0.29676452 495.0 640.0 583.0 784.0
scab 0.28987876 860.0 891.0 949.0 1050.0
scab 0.28034997 1123.0 375.0 1218.0 527.0
scab 0.26482293 408.0 672.0 489.0 807.0
rust 0.26384118 390.0 879.0 439.0 943.0
scab 0.22056077 1217.0 638.0 1306.0 774.0
scab 0.20877397 1222.0 411.0 1314.0 552.0
scab 0.19032659 576.0 714.0 675.0 872.0
scab 0.16998626 654.0 617.0 751.0 772.0
scab 0.15638703 150.0 1205.0 234.0 1365.0
scab 0.13596107 291.0 708.0 341.0 775.0
scab 0.13391188 1414.0 878.0 1468.0 940.0
scab 0.12330139999999999 1166.0 546.0 1256.0 677.0
scab 0.12171995 428.0 693.0 484.0 771.0
scab 0.121155 612.0 654.0 701.0 845.0
scab 0.12065376 434.0 491.0 521.0 655.0
scab 0.12002218 1615.0 809.0 1662.0 884.0
rust 0.119084395 600.0 970.0 626.0 1007.0
scab 0.118433654 309.0 630.0 358.0 704.0
scab 0.11547063 702.0 596.0 801.0 744.0
scab 0.11504895 1116.0 545.0 1221.0 692.0
scab 0.09964939 1289.0 556.0 1340.0 625.0
scab 0.08257494 1558.0 537.0 1634.0 696.0
scab 0.081989646 1819.0 752.0 1905.0 891.0
scab 0.0769968 502.0 683.0 582.0 750.0
scab 0.07261978 1546.0 665.0 1588.0 725.0
scab 0.069226936 197.0 722.0 276.0 849.0
scab 0.06673004 799.0 594.0 968.0 719.0
rust 0.06450645 1615.0 809.0 1662.0 884.0
scab 0.06304733 881.0 773.0 937.0 865.0
scab 0.061586145 435.0 351.0 525.0 541.0
scab 0.05901401 1433.0 503.0 1504.0 646.0
rust 0.05746934 1888.0 456.0 1917.0 494.0
scab 0.055434007 1157.0 573.0 1248.0 640.0
rust 0.05516067 1663.0 614.0 1696.0 658.0
scab 0.05512894 440.0 365.0 487.0 435.0
scab 0.05290209 876.0 921.0 933.0 1017.0
scab 0.052057814 878.0 551.0 967.0 715.0
scab 0.05191665 281.0 1167.0 363.0 1363.0
scab 0.050307628 1290.0 325.0 1342.0 412.0
scab 0.04606288 643.0 715.0 691.0 802.0
scab 0.04573133 1223.0 554.0 1273.0 627.0
scab 0.04335436 627.0 594.0 713.0 740.0
scab 0.041099064 1057.0 581.0 1148.0 738.0
scab 0.040728062 1164.0 666.0 1259.0 831.0
scab 0.04041836 750.0 635.0 846.0 709.0
scab 0.040222417999999996 1699.0 722.0 1742.0 798.0
scab 0.03962402 1503.0 888.0 1552.0 958.0
scab 0.039538614 279.0 674.0 354.0 815.0
scab 0.039271753 144.0 1284.0 220.0 1348.0
scab 0.0385758 539.0 754.0 629.0 899.0
scab 0.037627473 135.0 613.0 179.0 686.0
scab 0.037227005 1131.0 389.0 1299.0 511.0
scab 0.037031986 1297.0 506.0 1381.0 656.0
scab 0.035968599999999996 650.0 636.0 700.0 714.0
scab 0.035600286 1661.0 611.0 1698.0 675.0
rust 0.03426788 291.0 708.0 341.0 775.0
scab 0.034070246 855.0 406.0 912.0 478.0
scab 0.03337895 1442.0 535.0 1492.0 605.0
scab 0.033339895 1394.0 849.0 1470.0 982.0
scab 0.03319337 390.0 879.0 439.0 943.0
rust 0.03245997 841.0 374.0 919.0 518.0
scab 0.032114952999999995 1311.0 432.0 1357.0 498.0
scab 0.031352847999999996 421.0 668.0 564.0 797.0
scab 0.031103500000000003 115.0 702.0 160.0 779.0
scab 0.03102038 647.0 657.0 737.0 725.0
rust 0.030952333 1554.0 456.0 1584.0 495.0
scab 0.030742487000000002 1838.0 777.0 1893.0 859.0
scab 0.029944727 1246.0 645.0 1298.0 737.0
scab 0.029699652000000003 814.0 920.0 960.0 1020.0
scab 0.028933132 1628.0 899.0 1677.0 965.0
scab 0.028360322 690.0 649.0 741.0 735.0
scab 0.026855145 941.0 578.0 1036.0 743.0
scab 0.026548457999999997 1071.0 916.0 1120.0 991.0
scab 0.026366107000000003 1261.0 441.0 1358.0 518.0
rust 0.024945576 872.0 748.0 952.0 895.0
scab 0.024668943 1249.0 367.0 1339.0 556.0
scab 0.024458645 1587.0 588.0 1633.0 675.0
scab 0.023107367 1117.0 573.0 1165.0 647.0
scab 0.022665317999999997 478.0 423.0 524.0 497.0
scab 0.022522228 368.0 792.0 408.0 858.0
rust 0.02131075 1290.0 325.0 1342.0 412.0
scab 0.021301651 779.0 612.0 866.0 767.0
scab 0.021244908 184.0 664.0 229.0 731.0
scab 0.02095702 582.0 754.0 629.0 846.0
scab 0.020755304 1081.0 602.0 1165.0 781.0
scab 0.020749154 1260.0 538.0 1350.0 684.0
scab 0.019973401000000002 600.0 970.0 626.0 1007.0
scab 0.01909687 1769.0 716.0 1861.0 873.0
scab 0.019009393 540.0 682.0 697.0 906.0
scab 0.018977081 1208.0 542.0 1301.0 684.0
scab 0.018777648 503.0 680.0 550.0 787.0
scab 0.018549943 1119.0 419.0 1206.0 492.0
scab 0.01833319 541.0 634.0 584.0 707.0
scab 0.018308615 1089.0 653.0 1182.0 851.0
scab 0.018243296000000003 519.0 658.0 611.0 821.0
scab 0.017342506 1948.0 860.0 2035.0 1055.0
scab 0.017264178 1201.0 572.0 1288.0 635.0
scab 0.017251004 1083.0 622.0 1255.0 882.0
scab 0.017021466000000002 1321.0 928.0 1350.0 968.0
scab 0.01681952 418.0 324.0 493.0 504.0
rust 0.015948627 1468.0 33.0 1496.0 69.0
rust 0.015898341 1699.0 722.0 1742.0 798.0
scab 0.015867624 611.0 646.0 732.0 757.0
scab 0.015583216 1141.0 403.0 1191.0 480.0
scab 0.015535311000000001 1567.0 568.0 1614.0 646.0
scab 0.0151282735 283.0 1244.0 336.0 1328.0
scab 0.01461178 1790.0 681.0 1913.0 906.0
scab 0.014529232 1055.0 544.0 1194.0 868.0
rust 0.01441663 1681.0 880.0 1719.0 944.0
scab 0.014208861000000001 529.0 587.0 606.0 754.0
scab 0.014175604 1229.0 431.0 1275.0 522.0
scab 0.013962923 393.0 527.0 523.0 620.0
rust 0.013471112 368.0 792.0 408.0 858.0
scab 0.013406625 220.0 726.0 266.0 794.0
scab 0.013370317 837.0 557.0 919.0 702.0
scab 0.013263536000000001 1033.0 930.0 1124.0 1010.0
scab 0.013053041000000001 1813.0 642.0 1891.0 850.0
scab 0.012979611 1338.0 873.0 1380.0 934.0
scab 0.012805812 1241.0 425.0 1293.0 499.0
scab 0.012555331000000001 1883.0 450.0 1922.0 503.0
scab 0.012437746000000001 1177.0 403.0 1263.0 554.0
scab 0.012222668 317.0 646.0 349.0 692.0
scab 0.012141832 143.0 629.0 173.0 670.0
scab 0.012090463000000001 859.0 594.0 908.0 671.0
scab 0.011912508 1681.0 880.0 1719.0 944.0
scab 0.011904207 1327.0 814.0 1371.0 877.0
scab 0.011884147 1824.0 769.0 1872.0 841.0
scab 0.011782681000000001 595.0 580.0 740.0 839.0
scab 0.011631168999999998 454.0 519.0 506.0 607.0
scab 0.011416025 814.0 780.0 961.0 867.0
scab 0.0111535685 1651.0 507.0 1697.0 578.0
scab 0.011133566499999999 1095.0 628.0 1141.0 717.0
rust 0.010941043999999999 1583.0 76.0 1636.0 151.0
scab 0.010853703000000001 740.0 719.0 785.0 800.0
scab 0.010615083 1882.0 891.0 1927.0 968.0
rust 0.010568211000000001 1414.0 878.0 1468.0 940.0
