rust 0.63982797 1250.0 598.0 1293.0 653.0
rust 0.612775 1271.0 454.0 1318.0 507.0
rust 0.61094445 587.0 687.0 634.0 740.0
rust 0.5880645999999999 1845.0 410.0 1896.0 461.0
rust 0.5741801999999999 643.0 479.0 688.0 537.0
rust 0.5597525 1601.0 732.0 1632.0 774.0
rust 0.54805034 957.0 516.0 1008.0 573.0
rust 0.5099569 1041.0 648.0 1070.0 691.0
rust 0.45100638 823.0 333.0 864.0 405.0
rust 0.40524438 33.0 117.0 64.0 155.0
rust 0.38341022 576.0 753.0 605.0 793.0
rust 0.33957967 695.0 460.0 734.0 515.0
rust 0.3250902 996.0 890.0 1043.0 956.0
rust 0.30080107 1422.0 285.0 1451.0 327.0
rust 0.26247653 739.0 327.0 765.0 367.0
rust 0.21474162 1508.0 808.0 1537.0 848.0
rust 0.18138497 791.0 444.0 818.0 483.0
rust 0.17354678 1876.0 606.0 1904.0 645.0
rust 0.13333115 623.0 96.0 667.0 151.0
rust 0.13227881 1241.0 758.0 1267.0 797.0
scab 0.12826309 1946.0 1032.0 2039.0 1229.0
rust 0.124615125 397.0 731.0 424.0 770.0
rust 0.1137307 1603.0 289.0 1648.0 344.0
rust 0.108047 173.0 415.0 204.0 451.0
rust 0.10050659 1205.0 232.0 1255.0 301.0
rust 0.08822034 1620.0 302.0 1651.0 343.0
scab 0.084064335 1868.0 1095.0 1912.0 1184.0
rust 0.07578954 86.0 60.0 114.0 96.0
rust 0.06700605 1633.0 310.0 1657.0 349.0
scab 0.06131107400000001 1205.0 232.0 1255.0 301.0
rust 0.060135774 1186.0 374.0 1211.0 412.0
rust 0.05922956 540.0 906.0 595.0 987.0
scab 0.05342975 1395.0 1103.0 1470.0 1309.0
rust 0.048786475999999995 630.0 991.0 658.0 1028.0
scab 0.04838225 1422.0 285.0 1451.0 327.0
scab 0.045485385 1392.0 160.0 1456.0 289.0
rust 0.044736452 471.0 413.0 520.0 505.0
scab 0.044131342000000004 1923.0 974.0 1971.0 1051.0
rust 0.03784871 817.0 212.0 866.0 272.0
scab 0.037460018 996.0 890.0 1043.0 956.0
scab 0.03534026 823.0 333.0 864.0 405.0
scab 0.035261575 1272.0 213.0 1340.0 336.0
rust 0.029189602999999998 353.0 416.0 393.0 499.0
scab 0.028551267 1033.0 1207.0 1120.0 1365.0
rust 0.02709683 1154.0 118.0 1182.0 151.0
scab 0.026948592 1291.0 1020.0 1343.0 1088.0
scab 0.026478767 1241.0 758.0 1267.0 797.0
scab 0.026055684 1856.0 1055.0 1934.0 1214.0
scab 0.02604652 1373.0 178.0 1423.0 268.0
scab 0.025388607999999997 1891.0 957.0 1976.0 1125.0
scab 0.024466595 587.0 687.0 634.0 740.0
rust 0.023857517 572.0 993.0 598.0 1030.0
rust 0.022854641000000002 19.0 115.0 83.0 161.0
scab 0.022648815 572.0 993.0 598.0 1030.0
rust 0.022297895 1216.0 32.0 1273.0 111.0
scab 0.02222924 471.0 413.0 520.0 505.0
rust 0.021389227 1280.0 1056.0 1306.0 1094.0
scab 0.021163223 1309.0 1166.0 1380.0 1335.0
rust 0.02050143 1395.0 1103.0 1470.0 1309.0
rust 0.019822566 1213.0 245.0 1249.0 287.0
scab 0.019114826 576.0 753.0 605.0 793.0
scab 0.018316971 1398.0 1036.0 1442.0 1115.0
scab 0.018029105 1271.0 454.0 1318.0 507.0
rust 0.017438488000000002 802.0 452.0 829.0 493.0
rust 0.01722356 827.0 223.0 861.0 259.0
rust 0.01709729 1606.0 291.0 1632.0 331.0
scab 0.016221244 1041.0 648.0 1070.0 691.0
scab 0.016105913 1845.0 410.0 1896.0 461.0
scab 0.015887665 1876.0 606.0 1904.0 645.0
rust 0.015862945 1857.0 630.0 1880.0 665.0
rust 0.01564881 1392.0 160.0 1456.0 289.0
scab 0.0146710025 1995.0 1122.0 2040.0 1199.0
rust 0.0145333875 649.0 1298.0 696.0 1365.0
scab 0.014515707 1633.0 802.0 1681.0 876.0
rust 0.013982363000000001 1086.0 96.0 1113.0 131.0
scab 0.013487933 1895.0 1171.0 1984.0 1352.0
rust 0.012974382 553.0 76.0 580.0 110.0
scab 0.012689778999999998 1770.0 1069.0 1843.0 1277.0
scab 0.012189266 540.0 906.0 595.0 987.0
scab 0.012172896 791.0 444.0 818.0 483.0
scab 0.011930785 1601.0 732.0 1632.0 774.0
scab 0.011785323 1290.0 231.0 1336.0 313.0
scab 0.011735296999999999 703.0 1001.0 779.0 1183.0
rust 0.011558986 272.0 232.0 315.0 309.0
scab 0.011317088999999999 957.0 514.0 1003.0 578.0
rust 0.0110786045 1011.0 909.0 1044.0 949.0
scab 0.010937779 1754.0 21.0 1804.0 93.0
scab 0.010716141 1139.0 1208.0 1220.0 1365.0
scab 0.010384618 1508.0 808.0 1537.0 848.0
scab 0.010372589 1909.0 947.0 2048.0 1241.0
scab 0.010109330500000001 739.0 327.0 765.0 367.0
scab 0.010029434 649.0 1298.0 696.0 1365.0
scab 0.010021688 1250.0 598.0 1293.0 653.0
