rust 0.50880885 1958.0 645.0 1988.0 689.0
rust 0.45084894 1438.0 690.0 1471.0 732.0
rust 0.41122794 315.0 327.0 345.0 368.0
rust 0.3996102 1680.0 646.0 1711.0 688.0
rust 0.39248259999999996 1598.0 181.0 1628.0 217.0
rust 0.3903062 1086.0 828.0 1120.0 871.0
rust 0.38498104 1567.0 842.0 1597.0 884.0
rust 0.37687096 1133.0 666.0 1164.0 707.0
rust 0.37039536 1379.0 693.0 1406.0 733.0
rust 0.35348433 1454.0 771.0 1485.0 813.0
rust 0.33351392 831.0 430.0 863.0 473.0
rust 0.32254624 1189.0 693.0 1230.0 747.0
rust 0.31701088 830.0 516.0 860.0 559.0
rust 0.30258146 1749.0 558.0 1779.0 599.0
rust 0.29615876 887.0 658.0 920.0 700.0
rust 0.27993032 1513.0 860.0 1555.0 922.0
rust 0.26864263 1256.0 700.0 1292.0 745.0
rust 0.25314653 890.0 540.0 927.0 598.0
rust 0.2501523 1524.0 250.0 1556.0 288.0
rust 0.24407174 1795.0 693.0 1822.0 732.0
rust 0.24233542 0.0 158.0 48.0 210.0
rust 0.24075812 937.0 456.0 963.0 495.0
rust 0.2362951 1667.0 240.0 1697.0 278.0
rust 0.22617948 1038.0 541.0 1069.0 584.0
rust 0.20353724 1562.0 288.0 1604.0 340.0
rust 0.194954 1130.0 716.0 1156.0 752.0
rust 0.19069491 760.0 459.0 787.0 503.0
rust 0.15793859999999998 1540.0 286.0 1565.0 323.0
rust 0.14327799 1246.0 545.0 1278.0 587.0
rust 0.13936502 811.0 6.0 844.0 43.0
rust 0.116433516 1771.0 349.0 1796.0 385.0
rust 0.11383199 984.0 1062.0 1012.0 1100.0
rust 0.10999911 77.0 81.0 108.0 121.0
scab 0.10200732 1241.0 543.0 1284.0 589.0
scab 0.101766 1038.0 541.0 1069.0 584.0
scab 0.094637804 890.0 540.0 927.0 598.0
rust 0.09293733 1016.0 596.0 1043.0 634.0
rust 0.0916341 856.0 482.0 884.0 520.0
scab 0.07743193 1164.0 551.0 1200.0 609.0
rust 0.07457016400000001 939.0 537.0 969.0 579.0
scab 0.065893166 1759.0 292.0 1796.0 362.0
rust 0.06154762 1695.0 290.0 1743.0 341.0
scab 0.060270767999999995 1681.0 299.0 1724.0 358.0
rust 0.0597615 1167.0 558.0 1198.0 599.0
rust 0.055996828 763.0 473.0 791.0 515.0
rust 0.052355632 1687.0 308.0 1717.0 349.0
scab 0.05037016 1379.0 693.0 1406.0 733.0
rust 0.05012902 1728.0 337.0 1751.0 372.0
rust 0.046004526 1532.0 278.0 1571.0 333.0
scab 0.045889184000000006 1695.0 290.0 1743.0 341.0
scab 0.04320286 937.0 456.0 963.0 495.0
rust 0.037338696 1522.0 242.0 1559.0 326.0
scab 0.033978675 1189.0 693.0 1230.0 747.0
scab 0.0336383 1680.0 646.0 1711.0 688.0
scab 0.03246479 1562.0 288.0 1604.0 340.0
rust 0.032433733 644.0 1228.0 702.0 1306.0
scab 0.031512793 1000.0 547.0 1025.0 583.0
rust 0.031470742 1525.0 880.0 1553.0 917.0
scab 0.03023817 1130.0 716.0 1156.0 752.0
scab 0.029536227 939.0 537.0 969.0 579.0
rust 0.028711498 662.0 374.0 696.0 454.0
rust 0.027394498 1000.0 547.0 1025.0 583.0
scab 0.026186926 830.0 516.0 860.0 559.0
scab 0.024994392 1728.0 337.0 1751.0 372.0
rust 0.024608156000000003 1765.0 294.0 1792.0 335.0
rust 0.024563001 1556.0 289.0 1583.0 329.0
rust 0.024388693 1176.0 312.0 1203.0 351.0
scab 0.023642833999999998 1795.0 693.0 1822.0 732.0
scab 0.022597592000000003 1133.0 666.0 1164.0 707.0
rust 0.022201393 1326.0 431.0 1354.0 470.0
rust 0.02132954 1675.0 235.0 1703.0 269.0
rust 0.020797113 1717.0 289.0 1744.0 326.0
scab 0.020721286999999998 1120.0 1128.0 1166.0 1196.0
scab 0.020078642 1438.0 690.0 1471.0 732.0
scab 0.019778965 1765.0 294.0 1792.0 335.0
rust 0.019725364 1759.0 292.0 1796.0 362.0
rust 0.019639632 1009.0 603.0 1033.0 641.0
scab 0.019440275 1749.0 558.0 1779.0 599.0
scab 0.018950906 856.0 482.0 884.0 520.0
rust 0.018710986000000002 1573.0 302.0 1598.0 343.0
scab 0.01846481 831.0 430.0 863.0 473.0
scab 0.018304996 315.0 327.0 345.0 368.0
scab 0.017812822 1016.0 596.0 1043.0 634.0
rust 0.016951995 1517.0 261.0 1543.0 299.0
scab 0.016602013 1771.0 349.0 1796.0 385.0
scab 0.016247422 1513.0 860.0 1555.0 922.0
rust 0.016078038 1656.0 1055.0 1685.0 1095.0
scab 0.015945777 1567.0 842.0 1597.0 884.0
rust 0.015382095 1512.0 244.0 1574.0 294.0
rust 0.014781586999999999 806.0 0.0 844.0 54.0
scab 0.014604259 1761.0 314.0 1798.0 393.0
rust 0.014023121999999999 1985.0 100.0 2012.0 133.0
rust 0.013830265 386.0 13.0 412.0 46.0
scab 0.0138109205 1256.0 700.0 1292.0 745.0
rust 0.013764872 1558.0 838.0 1614.0 890.0
scab 0.013610203999999999 1598.0 181.0 1628.0 217.0
rust 0.013392458000000001 1579.0 179.0 1647.0 222.0
scab 0.013176973 1719.0 324.0 1757.0 383.0
scab 0.013091972 1454.0 771.0 1485.0 813.0
scab 0.012925917 1086.0 828.0 1120.0 871.0
rust 0.012893506 877.0 647.0 937.0 707.0
scab 0.012032744 1958.0 645.0 1988.0 689.0
scab 0.010879308999999998 1667.0 240.0 1697.0 278.0
rust 0.010603149 1234.0 542.0 1295.0 591.0
scab 0.010423636 1524.0 250.0 1556.0 288.0
rust 0.010375760500000001 1665.0 299.0 1738.0 357.0
