rust 0.54894567 1564.0 258.0 1614.0 317.0
rust 0.53817207 1398.0 519.0 1447.0 575.0
rust 0.49421784 1090.0 64.0 1144.0 126.0
rust 0.4631537 1102.0 540.0 1152.0 602.0
rust 0.37788847 604.0 788.0 660.0 849.0
rust 0.3339014 1093.0 688.0 1144.0 744.0
scab 0.33354238 1695.0 666.0 1762.0 814.0
rust 0.32250893 1605.0 250.0 1654.0 316.0
rust 0.31851768 1201.0 131.0 1251.0 204.0
scab 0.28656609999999993 1189.0 820.0 1231.0 902.0
scab 0.28320017 1093.0 688.0 1144.0 744.0
rust 0.23837220000000003 47.0 1207.0 108.0 1282.0
rust 0.23631896 1254.0 307.0 1285.0 347.0
scab 0.21437088 604.0 788.0 660.0 849.0
rust 0.2103481 1378.0 885.0 1408.0 924.0
scab 0.19661003 1612.0 762.0 1692.0 827.0
scab 0.16547664 1317.0 754.0 1366.0 850.0
scab 0.16390745 1268.0 807.0 1314.0 873.0
rust 0.16007827 543.0 850.0 592.0 908.0
rust 0.15514734 914.0 740.0 939.0 777.0
scab 0.14257693 869.0 848.0 914.0 923.0
scab 0.13766368 1103.0 818.0 1151.0 874.0
rust 0.13737932 2009.0 637.0 2048.0 696.0
rust 0.13632613 813.0 940.0 857.0 993.0
scab 0.13585907 747.0 825.0 797.0 888.0
scab 0.13477851 1693.0 708.0 1746.0 797.0
scab 0.13437527 1516.0 725.0 1586.0 871.0
scab 0.13262439 1616.0 671.0 1644.0 710.0
rust 0.126656 1214.0 34.0 1280.0 113.0
rust 0.12653567 1266.0 407.0 1310.0 478.0
rust 0.1242873 1197.0 309.0 1229.0 353.0
rust 0.12166139 747.0 821.0 798.0 879.0
rust 0.12081993 910.0 479.0 936.0 517.0
rust 0.11819310000000001 1004.0 588.0 1032.0 627.0
scab 0.11409968 1102.0 540.0 1152.0 602.0
scab 0.11134731 1304.0 725.0 1375.0 878.0
scab 0.110671 1398.0 519.0 1447.0 575.0
scab 0.10837374 1545.0 806.0 1592.0 867.0
scab 0.10729189999999998 1052.0 780.0 1093.0 834.0
scab 0.10664292 1266.0 407.0 1310.0 478.0
rust 0.105056025 1189.0 820.0 1231.0 902.0
rust 0.10430164 20.0 0.0 79.0 79.0
rust 0.10117729 1332.0 468.0 1390.0 564.0
scab 0.10048803 987.0 785.0 1074.0 845.0
scab 0.09963297 1378.0 885.0 1408.0 924.0
rust 0.09763181 938.0 543.0 963.0 580.0
rust 0.09176956 1695.0 666.0 1762.0 814.0
rust 0.09018805 1099.0 75.0 1137.0 114.0
scab 0.088023655 977.0 845.0 1009.0 886.0
rust 0.08763326 553.0 861.0 583.0 899.0
scab 0.08692278 1288.0 831.0 1332.0 887.0
scab 0.08668739 1505.0 753.0 1558.0 815.0
scab 0.086651094 825.0 881.0 852.0 920.0
scab 0.08427911 813.0 940.0 857.0 993.0
scab 0.08344860000000001 719.0 739.0 747.0 779.0
scab 0.07647959 1100.0 876.0 1146.0 930.0
scab 0.06765658 1332.0 468.0 1390.0 564.0
rust 0.0674169 1463.0 250.0 1492.0 286.0
rust 0.06210746 1165.0 249.0 1197.0 285.0
scab 0.061719567 1144.0 383.0 1194.0 456.0
rust 0.06167885 1052.0 780.0 1093.0 834.0
scab 0.06142842 1004.0 588.0 1032.0 627.0
rust 0.059533345999999994 1616.0 671.0 1644.0 710.0
scab 0.054624118 543.0 850.0 592.0 908.0
rust 0.053103562 825.0 881.0 852.0 920.0
rust 0.052368872000000004 1317.0 754.0 1366.0 850.0
rust 0.050584500000000004 1103.0 818.0 1151.0 874.0
rust 0.049873527 2018.0 647.0 2045.0 685.0
scab 0.049123775 1712.0 686.0 1762.0 751.0
rust 0.047958374000000005 977.0 845.0 1009.0 886.0
rust 0.047471605 1884.0 45.0 1933.0 116.0
rust 0.04677251 993.0 774.0 1048.0 854.0
rust 0.046490498 1300.0 111.0 1354.0 180.0
scab 0.04424001599999999 914.0 740.0 939.0 777.0
rust 0.042708445 1268.0 807.0 1314.0 873.0
scab 0.040906253999999996 1555.0 818.0 1584.0 858.0
scab 0.03687256 818.0 862.0 859.0 922.0
rust 0.036241878 1057.0 260.0 1105.0 329.0
rust 0.034704518 719.0 739.0 747.0 779.0
scab 0.03416378 877.0 851.0 972.0 914.0
rust 0.033592734 1545.0 806.0 1592.0 867.0
rust 0.032986674 1613.0 261.0 1647.0 303.0
rust 0.03246775 1174.0 156.0 1205.0 193.0
scab 0.028936815 869.0 811.0 947.0 958.0
rust 0.028156598999999997 1236.0 302.0 1306.0 356.0
scab 0.02758354 910.0 479.0 936.0 517.0
rust 0.026847428 1274.0 431.0 1303.0 472.0
rust 0.026697243 1505.0 753.0 1558.0 815.0
scab 0.026586772999999998 960.0 843.0 1026.0 890.0
scab 0.026367245 459.0 204.0 505.0 281.0
rust 0.026125599 1297.0 840.0 1326.0 879.0
rust 0.025044402 1555.0 818.0 1584.0 858.0
scab 0.024722626 938.0 543.0 963.0 580.0
rust 0.02414181 1345.0 0.0 1374.0 34.0
rust 0.023606872 1516.0 725.0 1586.0 871.0
rust 0.022469155 1304.0 725.0 1375.0 878.0
scab 0.02238324 63.0 1279.0 121.0 1347.0
rust 0.022253804 1048.0 3.0 1107.0 70.0
rust 0.021650417 1168.0 145.0 1207.0 209.0
scab 0.021234963 553.0 861.0 583.0 899.0
scab 0.0207675 1364.0 884.0 1425.0 928.0
rust 0.020594865 1621.0 759.0 1683.0 830.0
rust 0.020211803 1339.0 0.0 1379.0 49.0
scab 0.020113533 1672.0 697.0 1787.0 781.0
scab 0.019742027 47.0 1207.0 108.0 1282.0
scab 0.018474195 1603.0 726.0 1672.0 847.0
scab 0.018151201000000002 1274.0 431.0 1303.0 472.0
rust 0.017984807 593.0 902.0 634.0 964.0
scab 0.017983034 1536.0 760.0 1584.0 844.0
rust 0.017850496 1109.0 883.0 1140.0 923.0
rust 0.017432272 1144.0 383.0 1194.0 456.0
scab 0.01718796 1258.0 886.0 1285.0 925.0
scab 0.016724007 1121.0 887.0 1149.0 924.0
rust 0.016433686 566.0 852.0 594.0 890.0
rust 0.016265063 1985.0 273.0 2017.0 311.0
scab 0.016018687 1639.0 778.0 1668.0 820.0
rust 0.01598214 1211.0 155.0 1243.0 195.0
scab 0.015952265 324.0 317.0 371.0 381.0
rust 0.015943753999999997 109.0 328.0 139.0 364.0
rust 0.015809586 1693.0 708.0 1746.0 797.0
scab 0.014690418 1189.0 826.0 1222.0 872.0
rust 0.014489581000000001 1148.0 188.0 1176.0 225.0
scab 0.014351272 758.0 839.0 787.0 878.0
rust 0.01364266 60.0 1225.0 97.0 1265.0
scab 0.013612376499999999 1938.0 945.0 2027.0 1148.0
rust 0.0130138835 1978.0 261.0 2022.0 325.0
rust 0.01267679 1315.0 138.0 1345.0 171.0
scab 0.012486868 1620.0 760.0 1653.0 808.0
scab 0.012474926 1007.0 758.0 1068.0 890.0
rust 0.012261798999999999 1547.0 257.0 1673.0 311.0
scab 0.011642436 1601.0 668.0 1660.0 717.0
scab 0.0116089005 1112.0 812.0 1163.0 901.0
rust 0.011480967 758.0 839.0 787.0 878.0
scab 0.011402927 1165.0 249.0 1197.0 285.0
rust 0.011189133 889.0 525.0 912.0 560.0
scab 0.011118552 1783.0 499.0 1831.0 588.0
scab 0.010637362 1246.0 302.0 1293.0 354.0
rust 0.010603206 101.0 317.0 144.0 379.0
scab 0.010445413 705.0 734.0 764.0 784.0
scab 0.010380059 1004.0 795.0 1035.0 836.0
scab 0.01021444 875.0 864.0 906.0 911.0
rust 0.010135218 1364.0 884.0 1425.0 928.0
scab 0.010117078 1255.0 796.0 1295.0 855.0
rust 0.010075278 1189.0 826.0 1222.0 872.0
scab 0.010070071 729.0 105.0 782.0 174.0
