rust 0.8305466999999999 656.0 498.0 727.0 718.0
rust 0.27301162 377.0 1074.0 419.0 1137.0
rust 0.10248531400000001 1371.0 308.0 1420.0 385.0
rust 0.057538982 1304.0 289.0 1333.0 328.0
scab 0.045682136 377.0 1074.0 419.0 1137.0
rust 0.026594106 612.0 564.0 745.0 660.0
rust 0.018276353999999998 636.0 543.0 671.0 630.0
scab 0.016634574 1371.0 308.0 1420.0 385.0
rust 0.012166017 449.0 568.0 473.0 607.0
scab 0.010810522 1721.0 998.0 1802.0 1187.0
rust 0.010577193 1037.0 480.0 1063.0 519.0
rust 0.010511868 1379.0 326.0 1412.0 368.0
rust 0.010063510999999999 750.0 10.0 801.0 96.0
