rust 0.41609523 492.0 537.0 524.0 580.0
rust 0.40110224 380.0 1097.0 407.0 1138.0
rust 0.36962214 404.0 986.0 434.0 1028.0
rust 0.32714948 271.0 976.0 299.0 1017.0
rust 0.2887892 97.0 1242.0 130.0 1283.0
rust 0.26465809999999995 1185.0 714.0 1211.0 752.0
rust 0.24970864 680.0 739.0 706.0 778.0
rust 0.24947082 948.0 478.0 977.0 518.0
rust 0.24003063 1428.0 657.0 1457.0 699.0
rust 0.20651224 674.0 779.0 701.0 818.0
rust 0.19959703 1320.0 541.0 1346.0 580.0
rust 0.15999374 483.0 1128.0 512.0 1168.0
rust 0.11093472 450.0 821.0 477.0 858.0
rust 0.107853435 1503.0 739.0 1552.0 817.0
rust 0.09835482400000001 1036.0 782.0 1062.0 820.0
rust 0.08906699 251.0 1106.0 278.0 1145.0
rust 0.07262785 914.0 584.0 939.0 622.0
rust 0.06853989 21.0 1030.0 52.0 1066.0
rust 0.061339437999999996 870.0 880.0 898.0 919.0
rust 0.06020767 554.0 838.0 580.0 875.0
scab 0.05043072 822.0 698.0 853.0 738.0
rust 0.046180255999999996 1384.0 1197.0 1437.0 1260.0
rust 0.040839218 822.0 698.0 853.0 738.0
scab 0.038978476 680.0 739.0 706.0 778.0
rust 0.036502726 281.0 299.0 332.0 373.0
scab 0.025801618 943.0 475.0 972.0 516.0
scab 0.023617126000000002 914.0 584.0 939.0 622.0
scab 0.022048643 674.0 779.0 701.0 818.0
scab 0.020641848 380.0 1097.0 407.0 1138.0
scab 0.018628556 1320.0 541.0 1346.0 580.0
scab 0.017668128 808.0 693.0 870.0 744.0
scab 0.016875961999999998 492.0 537.0 524.0 580.0
rust 0.016759345 1486.0 563.0 1514.0 599.0
scab 0.016201777 1185.0 714.0 1211.0 752.0
scab 0.016087933999999998 450.0 821.0 477.0 858.0
rust 0.015043123 1604.0 1177.0 1647.0 1242.0
scab 0.014962026000000002 696.0 840.0 734.0 895.0
scab 0.0143035725 404.0 986.0 434.0 1028.0
scab 0.013745291000000001 1036.0 782.0 1062.0 820.0
rust 0.012904733 1388.0 1208.0 1422.0 1249.0
scab 0.012116073 271.0 976.0 299.0 1017.0
scab 0.011362921000000002 554.0 838.0 580.0 875.0
scab 0.011309688 1428.0 657.0 1457.0 699.0
scab 0.011164385 251.0 1106.0 278.0 1145.0
scab 0.010559997 813.0 695.0 841.0 737.0
