rust 0.61350054 1468.0 813.0 1524.0 873.0
rust 0.5767909000000001 253.0 557.0 295.0 622.0
rust 0.5147343 357.0 471.0 404.0 545.0
rust 0.325992 1532.0 692.0 1560.0 729.0
rust 0.31622878 1550.0 713.0 1593.0 769.0
rust 0.21025074 1141.0 325.0 1196.0 396.0
rust 0.18264878 936.0 626.0 979.0 703.0
scab 0.04485331 936.0 626.0 979.0 703.0
rust 0.04112493 948.0 647.0 977.0 687.0
scab 0.036574848 357.0 471.0 404.0 545.0
scab 0.035739847000000005 253.0 557.0 295.0 622.0
scab 0.025007727 1532.0 692.0 1560.0 729.0
rust 0.022659922000000002 314.0 839.0 343.0 876.0
rust 0.020788768 121.0 697.0 159.0 767.0
rust 0.020529002 421.0 755.0 448.0 792.0
scab 0.015189378 1760.0 984.0 1801.0 1048.0
scab 0.013920361000000001 1556.0 720.0 1590.0 762.0
rust 0.012224921000000001 125.0 700.0 152.0 740.0
scab 0.012026466000000001 1468.0 811.0 1516.0 878.0
scab 0.010653176 1140.0 301.0 1191.0 436.0
