scab 0.15266278 624.0 451.0 697.0 607.0
scab 0.13276206 996.0 378.0 1089.0 525.0
scab 0.11110163 968.0 382.0 1052.0 521.0
scab 0.106561184 867.0 408.0 960.0 568.0
scab 0.10219301 628.0 497.0 681.0 584.0
scab 0.09695864 1125.0 500.0 1208.0 659.0
scab 0.09566910599999999 315.0 438.0 398.0 612.0
scab 0.079263106 525.0 411.0 607.0 572.0
scab 0.07574946 831.0 403.0 925.0 570.0
scab 0.060958777 782.0 453.0 871.0 600.0
scab 0.056768692999999995 1036.0 374.0 1129.0 531.0
scab 0.054740984000000006 751.0 346.0 826.0 538.0
scab 0.049423616 909.0 450.0 997.0 613.0
scab 0.041573644 704.0 461.0 789.0 608.0
rust 0.04052313 628.0 497.0 681.0 584.0
scab 0.03711142 404.0 400.0 491.0 582.0
scab 0.034842066 741.0 451.0 841.0 602.0
scab 0.033642575 465.0 432.0 614.0 542.0
rust 0.030971102 501.0 679.0 553.0 757.0
scab 0.029643422000000003 1262.0 337.0 1321.0 483.0
scab 0.024444671 1040.0 447.0 1127.0 618.0
scab 0.022403318 498.0 547.0 570.0 700.0
scab 0.02078628 1055.0 523.0 1100.0 607.0
scab 0.02058088 501.0 679.0 553.0 757.0
scab 0.019415017 707.0 500.0 755.0 589.0
scab 0.016726243999999998 1083.0 375.0 1173.0 533.0
scab 0.016134331000000002 763.0 423.0 901.0 557.0
scab 0.015745023 1009.0 396.0 1055.0 481.0
scab 0.01474439 601.0 482.0 724.0 573.0
scab 0.013838125 444.0 398.0 535.0 583.0
scab 0.013085295 621.0 465.0 783.0 589.0
rust 0.012940684 1391.0 535.0 1435.0 602.0
scab 0.011826258000000001 679.0 483.0 821.0 575.0
scab 0.01180863 891.0 424.0 1030.0 549.0
rust 0.010972285 1399.0 548.0 1428.0 586.0
scab 0.010948292 379.0 432.0 521.0 545.0
scab 0.010705653 1126.0 374.0 1214.0 532.0
scab 0.010407352 1003.0 445.0 1092.0 616.0
scab 0.010192461 873.0 488.0 965.0 653.0
