rust 0.53462267 352.0 729.0 429.0 945.0
scab 0.2653904 584.0 556.0 630.0 623.0
rust 0.11712946 525.0 913.0 552.0 951.0
scab 0.09246785 463.0 596.0 508.0 673.0
rust 0.09001905 333.0 768.0 454.0 898.0
scab 0.078949384 992.0 1034.0 1031.0 1116.0
scab 0.07199884 352.0 729.0 429.0 945.0
scab 0.07015679 457.0 554.0 533.0 706.0
scab 0.061089244 1231.0 855.0 1272.0 920.0
scab 0.041594743999999996 672.0 465.0 748.0 601.0
rust 0.03762216 584.0 556.0 630.0 623.0
rust 0.03334389 533.0 613.0 562.0 654.0
scab 0.029304966000000002 1355.0 1124.0 1395.0 1194.0
scab 0.02289679 906.0 958.0 952.0 1029.0
scab 0.021568777 497.0 564.0 539.0 647.0
scab 0.021174064 478.0 468.0 522.0 535.0
scab 0.020315703 1421.0 384.0 1464.0 456.0
scab 0.019012852 1115.0 874.0 1160.0 933.0
scab 0.01865762 709.0 491.0 754.0 561.0
scab 0.018352693 672.0 831.0 709.0 890.0
scab 0.017953021 411.0 604.0 450.0 663.0
rust 0.016938751999999998 352.0 798.0 432.0 883.0
rust 0.016914856000000002 992.0 1034.0 1031.0 1116.0
rust 0.016579982 1315.0 1147.0 1342.0 1185.0
scab 0.015746016 526.0 603.0 565.0 663.0
scab 0.015446686000000001 971.0 722.0 1016.0 787.0
rust 0.015347843 998.0 928.0 1023.0 966.0
scab 0.014834027 968.0 570.0 1009.0 637.0
scab 0.014613497 1054.0 854.0 1094.0 918.0
scab 0.014036668 333.0 768.0 454.0 898.0
scab 0.013753666000000001 1334.0 569.0 1381.0 644.0
scab 0.013424475 1395.0 299.0 1434.0 359.0
scab 0.012719007 1440.0 531.0 1485.0 602.0
rust 0.011317408000000001 677.0 839.0 704.0 879.0
scab 0.011010443 998.0 928.0 1023.0 966.0
scab 0.01047102 525.0 913.0 552.0 951.0
rust 0.010368843 1231.0 855.0 1272.0 920.0
