scab 0.41963214 907.0 545.0 1003.0 712.0
scab 0.22958227 1008.0 702.0 1091.0 853.0
scab 0.16007668 1044.0 1207.0 1141.0 1365.0
scab 0.105359875 587.0 776.0 637.0 860.0
scab 0.07243393 410.0 529.0 457.0 601.0
scab 0.061299115 320.0 580.0 409.0 732.0
scab 0.058049015999999995 1060.0 1230.0 1192.0 1354.0
scab 0.030950556 633.0 718.0 675.0 804.0
scab 0.02680662 1166.0 465.0 1211.0 532.0
scab 0.025938746000000002 1142.0 516.0 1181.0 576.0
scab 0.021850228 521.0 587.0 563.0 664.0
scab 0.01873486 1943.0 465.0 2019.0 675.0
scab 0.018455388 1213.0 541.0 1292.0 703.0
scab 0.01756061 1026.0 732.0 1081.0 821.0
scab 0.016081873 916.0 553.0 1072.0 681.0
scab 0.015556091000000001 687.0 633.0 732.0 709.0
scab 0.015153058999999998 786.0 583.0 874.0 734.0
scab 0.014114553 1001.0 537.0 1091.0 697.0
scab 0.0135077005 1028.0 670.0 1123.0 840.0
scab 0.012415426 674.0 336.0 714.0 415.0
scab 0.012072844 1043.0 537.0 1130.0 703.0
scab 0.012006248 718.0 272.0 763.0 353.0
scab 0.0119802095 832.0 547.0 917.0 699.0
scab 0.011529455 276.0 544.0 362.0 709.0
scab 0.011348334 716.0 356.0 758.0 432.0
scab 0.011330468 787.0 742.0 867.0 922.0
scab 0.011077078999999998 1134.0 442.0 1210.0 621.0
