scab 0.609672 1382.0 824.0 1481.0 997.0
rust 0.58327097 1865.0 1066.0 1916.0 1140.0
scab 0.55946916 787.0 1014.0 872.0 1155.0
scab 0.5587299 1056.0 373.0 1144.0 523.0
scab 0.5411691 660.0 1014.0 742.0 1156.0
scab 0.538238 1587.0 736.0 1700.0 922.0
scab 0.45195758 1304.0 475.0 1388.0 651.0
scab 0.43118563 1133.0 974.0 1220.0 1128.0
scab 0.37658059999999993 1376.0 969.0 1473.0 1129.0
scab 0.34985995 1172.0 418.0 1257.0 584.0
scab 0.32359004 751.0 675.0 834.0 822.0
scab 0.29957765 1387.0 673.0 1487.0 814.0
scab 0.24343297 1219.0 704.0 1317.0 854.0
scab 0.19076897 969.0 1080.0 1059.0 1245.0
scab 0.18687668 820.0 872.0 916.0 1026.0
rust 0.18157555 1441.0 592.0 1474.0 634.0
scab 0.16788983 968.0 941.0 1056.0 1066.0
scab 0.1599504 1142.0 596.0 1227.0 722.0
scab 0.15972714 1126.0 1086.0 1228.0 1249.0
scab 0.15690243 698.0 876.0 778.0 1021.0
rust 0.15262105 1021.0 480.0 1045.0 518.0
scab 0.15188606 625.0 842.0 709.0 993.0
rust 0.1475618 975.0 543.0 1007.0 587.0
scab 0.1473411 652.0 840.0 758.0 1007.0
scab 0.13581089999999998 973.0 538.0 1009.0 594.0
scab 0.13183221 913.0 809.0 992.0 951.0
scab 0.10743525 609.0 994.0 653.0 1066.0
scab 0.107350394 1610.0 582.0 1693.0 719.0
rust 0.10453574 1696.0 1236.0 1745.0 1313.0
scab 0.08613269 1160.0 611.0 1211.0 692.0
scab 0.083827555 997.0 947.0 1077.0 1126.0
scab 0.07785679400000001 749.0 1135.0 835.0 1273.0
scab 0.07153643 927.0 842.0 978.0 931.0
scab 0.055808354000000004 653.0 656.0 739.0 834.0
scab 0.054258652000000004 1437.0 585.0 1478.0 639.0
scab 0.05401397 1868.0 917.0 1913.0 980.0
scab 0.05377749 1200.0 610.0 1246.0 690.0
scab 0.051430903 754.0 1162.0 806.0 1239.0
scab 0.051345552999999995 772.0 697.0 826.0 779.0
scab 0.04830819 798.0 1029.0 851.0 1126.0
rust 0.047735155 1688.0 564.0 1716.0 603.0
scab 0.046311595 1021.0 480.0 1045.0 518.0
scab 0.046217557 1169.0 849.0 1202.0 919.0
scab 0.045688495 1352.0 673.0 1439.0 818.0
scab 0.044935834 1559.0 928.0 1648.0 1084.0
scab 0.04477137 710.0 888.0 763.0 971.0
scab 0.043425094000000004 543.0 1038.0 586.0 1118.0
scab 0.04275875 654.0 590.0 738.0 745.0
scab 0.04229071400000001 1308.0 867.0 1358.0 946.0
rust 0.03960629 1762.0 1167.0 1793.0 1208.0
scab 0.037876558 1688.0 564.0 1716.0 603.0
rust 0.03742339 1056.0 373.0 1144.0 523.0
rust 0.036964837 1304.0 475.0 1388.0 651.0
scab 0.03690047 1816.0 669.0 1869.0 749.0
scab 0.035787962 1114.0 955.0 1230.0 1228.0
scab 0.035434138 537.0 1014.0 618.0 1153.0
rust 0.03456955 1455.0 1308.0 1496.0 1365.0
scab 0.034180794 1696.0 1236.0 1745.0 1313.0
scab 0.033998392999999995 992.0 944.0 1042.0 1030.0
scab 0.033392217 1691.0 944.0 1735.0 1001.0
rust 0.03266834 1382.0 824.0 1481.0 997.0
scab 0.032232538 777.0 1076.0 875.0 1279.0
scab 0.03220971 669.0 631.0 717.0 702.0
scab 0.031827055 1304.0 841.0 1386.0 983.0
scab 0.030653562000000002 1140.0 1017.0 1228.0 1093.0
scab 0.030520447000000003 1632.0 549.0 1718.0 710.0
rust 0.028481778 1318.0 268.0 1344.0 306.0
scab 0.027068652000000002 858.0 508.0 906.0 586.0
scab 0.026442342 1314.0 487.0 1362.0 561.0
scab 0.026236951 1455.0 1308.0 1496.0 1365.0
scab 0.026012542000000003 866.0 834.0 966.0 992.0
scab 0.025833288 1099.0 1096.0 1181.0 1252.0
scab 0.02515317 995.0 870.0 1035.0 937.0
scab 0.023528596000000002 1317.0 693.0 1476.0 791.0
rust 0.022912112999999998 1587.0 736.0 1700.0 922.0
rust 0.022646941 1322.0 205.0 1355.0 241.0
scab 0.022414971000000002 1669.0 600.0 1716.0 665.0
scab 0.022257056 1210.0 750.0 1255.0 844.0
scab 0.02129424 1142.0 418.0 1226.0 570.0
scab 0.020834476 1563.0 718.0 1650.0 887.0
scab 0.02066898 739.0 1142.0 786.0 1226.0
scab 0.02050979 1122.0 929.0 1148.0 968.0
rust 0.020455819 1313.0 196.0 1362.0 252.0
scab 0.020344833 832.0 488.0 912.0 650.0
scab 0.019911591 1224.0 1076.0 1262.0 1130.0
rust 0.019575527 1431.0 500.0 1455.0 536.0
scab 0.01956627 693.0 808.0 777.0 875.0
scab 0.019262452 615.0 1008.0 645.0 1055.0
scab 0.018626666 968.0 936.0 1100.0 1250.0
scab 0.018212803 1148.0 1106.0 1269.0 1219.0
scab 0.016814793 1313.0 196.0 1362.0 252.0
scab 0.0164084 1561.0 322.0 1641.0 497.0
scab 0.016398147 675.0 866.0 804.0 976.0
scab 0.015897729 1413.0 805.0 1506.0 968.0
scab 0.014929992 890.0 1101.0 914.0 1137.0
scab 0.0148602715 1255.0 688.0 1427.0 799.0
scab 0.014444499 1456.0 690.0 1508.0 782.0
scab 0.014257943 1355.0 848.0 1487.0 1165.0
scab 0.014081156000000001 665.0 681.0 842.0 811.0
scab 0.013980796 1082.0 394.0 1162.0 557.0
scab 0.013758571 573.0 705.0 657.0 881.0
scab 0.013715946000000001 1597.0 361.0 1674.0 523.0
scab 0.013558943 779.0 900.0 907.0 994.0
scab 0.013310823000000001 820.0 904.0 870.0 993.0
scab 0.013157859 861.0 680.0 905.0 754.0
scab 0.012952353 1760.0 1158.0 1796.0 1218.0
scab 0.012623225 1431.0 500.0 1455.0 536.0
scab 0.012431653 1568.0 949.0 1712.0 1046.0
scab 0.012338136000000001 1278.0 863.0 1424.0 955.0
scab 0.012233443 1628.0 708.0 1720.0 897.0
scab 0.012217368000000001 1016.0 1011.0 1062.0 1096.0
scab 0.012160403 1244.0 720.0 1337.0 799.0
scab 0.011966127 670.0 1051.0 721.0 1145.0
rust 0.011949234 1430.0 585.0 1489.0 639.0
scab 0.011845806 651.0 907.0 692.0 990.0
scab 0.011613517 1375.0 714.0 1424.0 802.0
scab 0.011610176000000002 569.0 978.0 654.0 1122.0
scab 0.0114209065 1002.0 1222.0 1029.0 1264.0
scab 0.01137389 1007.0 942.0 1051.0 1008.0
scab 0.011210111000000002 931.0 1061.0 967.0 1129.0
scab 0.011172049 633.0 571.0 759.0 846.0
scab 0.011132966000000001 1348.0 816.0 1438.0 959.0
rust 0.011055721000000001 787.0 1014.0 872.0 1155.0
scab 0.01084078 873.0 932.0 952.0 1066.0
rust 0.010775663999999999 1229.0 1083.0 1256.0 1125.0
scab 0.010659456999999999 1103.0 980.0 1185.0 1114.0
scab 0.010540767 1424.0 631.0 1509.0 808.0
scab 0.010534402 695.0 787.0 782.0 974.0
rust 0.010497026000000001 1021.0 711.0 1047.0 750.0
scab 0.010444973 613.0 707.0 709.0 862.0
scab 0.010363173 1178.0 1005.0 1224.0 1074.0
rust 0.010276903 660.0 1014.0 742.0 1156.0
scab 0.010170204 1273.0 469.0 1355.0 609.0
scab 0.010142246 962.0 993.0 1054.0 1195.0
