rust 0.6927871 1546.0 407.0 1600.0 469.0
rust 0.6901814000000001 928.0 575.0 982.0 646.0
rust 0.6789071999999999 1174.0 325.0 1227.0 389.0
rust 0.55384964 1351.0 479.0 1407.0 651.0
rust 0.49488820000000006 315.0 234.0 382.0 485.0
rust 0.40410152 732.0 677.0 792.0 760.0
rust 0.39481315 795.0 414.0 843.0 476.0
rust 0.30479759999999995 1509.0 862.0 1576.0 939.0
rust 0.30390424 126.0 343.0 196.0 520.0
rust 0.29638332 951.0 437.0 1004.0 522.0
rust 0.2011551 702.0 592.0 728.0 631.0
rust 0.19361040000000002 945.0 1040.0 992.0 1106.0
rust 0.18127915 1619.0 1116.0 1647.0 1155.0
rust 0.1759126 1421.0 880.0 1493.0 966.0
scab 0.15561415 1517.0 246.0 1566.0 326.0
rust 0.15082356 1339.0 527.0 1415.0 608.0
rust 0.12500228 1319.0 894.0 1383.0 1044.0
scab 0.11241748 1098.0 679.0 1178.0 823.0
rust 0.10646673 1197.0 1133.0 1248.0 1206.0
scab 0.10482209 1594.0 548.0 1676.0 695.0
scab 0.09914889 951.0 437.0 1004.0 522.0
rust 0.089435995 1312.0 929.0 1398.0 1009.0
rust 0.08919337 660.0 347.0 690.0 387.0
rust 0.08792432 1122.0 1303.0 1173.0 1365.0
rust 0.073205985 570.0 504.0 595.0 541.0
rust 0.06639262 283.0 281.0 420.0 439.0
rust 0.06221941 222.0 224.0 277.0 314.0
scab 0.05946046 1430.0 678.0 1513.0 819.0
scab 0.056601702999999996 1260.0 673.0 1341.0 825.0
scab 0.05448248 1555.0 673.0 1633.0 812.0
scab 0.05422306 1564.0 693.0 1614.0 770.0
rust 0.05120219 724.0 651.0 783.0 815.0
rust 0.048993804 121.0 378.0 203.0 459.0
scab 0.04496462 657.0 769.0 698.0 833.0
scab 0.042239144000000006 1418.0 432.0 1468.0 519.0
scab 0.040421575 1073.0 802.0 1121.0 890.0
scab 0.039952967 724.0 651.0 783.0 815.0
rust 0.038356647 1523.0 828.0 1574.0 987.0
rust 0.036786083 309.0 278.0 359.0 377.0
scab 0.035500914 1351.0 479.0 1407.0 651.0
scab 0.035049442 1313.0 778.0 1354.0 854.0
scab 0.032798555 654.0 343.0 694.0 394.0
scab 0.03148167 610.0 718.0 655.0 792.0
scab 0.030407175 795.0 670.0 866.0 831.0
rust 0.03018335 1517.0 246.0 1566.0 326.0
scab 0.029787157 1015.0 700.0 1059.0 774.0
scab 0.02935514 1045.0 762.0 1127.0 914.0
rust 0.029288586000000002 951.0 1052.0 986.0 1093.0
scab 0.02867759 1319.0 894.0 1383.0 1044.0
scab 0.0268221 1399.0 781.0 1445.0 865.0
scab 0.025747145 122.0 324.0 203.0 520.0
scab 0.025046332 958.0 407.0 1019.0 556.0
rust 0.024825627000000003 793.0 106.0 839.0 177.0
rust 0.02351667 1205.0 1149.0 1241.0 1189.0
scab 0.023281984 945.0 1040.0 992.0 1106.0
scab 0.02305331 570.0 504.0 595.0 541.0
scab 0.022977076000000003 709.0 770.0 750.0 836.0
scab 0.022538485 805.0 746.0 849.0 819.0
scab 0.021895578 796.0 416.0 840.0 485.0
scab 0.02170372 1399.0 418.0 1472.0 562.0
rust 0.020829848999999998 153.0 367.0 211.0 434.0
scab 0.020416211 732.0 677.0 792.0 760.0
scab 0.019762041 1287.0 295.0 1328.0 368.0
scab 0.019614168 1478.0 608.0 1526.0 684.0
rust 0.019055039 1984.0 159.0 2013.0 194.0
rust 0.018155387 314.0 350.0 356.0 445.0
scab 0.017876625 702.0 592.0 728.0 631.0
rust 0.017358972 958.0 407.0 1019.0 556.0
scab 0.016890302 1509.0 862.0 1576.0 939.0
scab 0.016805306000000002 1590.0 587.0 1639.0 669.0
scab 0.016326900000000002 315.0 234.0 382.0 485.0
scab 0.016149066 1619.0 1116.0 1647.0 1155.0
scab 0.0158657 931.0 543.0 983.0 679.0
scab 0.01504196 1073.0 705.0 1200.0 793.0
scab 0.014870973999999999 994.0 782.0 1036.0 856.0
scab 0.014565975 929.0 809.0 966.0 872.0
rust 0.014302269 1696.0 83.0 1740.0 155.0
scab 0.014071028999999999 1693.0 602.0 1737.0 665.0
rust 0.0133169275 802.0 121.0 833.0 159.0
scab 0.013273548999999999 121.0 378.0 203.0 459.0
scab 0.0132155875 1546.0 407.0 1600.0 469.0
scab 0.0130730625 1207.0 389.0 1246.0 448.0
scab 0.013070091 1174.0 325.0 1227.0 389.0
scab 0.012692628999999999 1124.0 702.0 1209.0 858.0
scab 0.01231989 153.0 367.0 211.0 434.0
scab 0.012289649 1016.0 531.0 1060.0 605.0
scab 0.012081989 868.0 774.0 912.0 861.0
scab 0.011951243 1471.0 543.0 1548.0 701.0
scab 0.0116507625 1549.0 682.0 1595.0 752.0
rust 0.011261805 1976.0 149.0 2017.0 209.0
scab 0.011232718000000001 818.0 679.0 863.0 755.0
scab 0.011219103000000001 962.0 451.0 1055.0 508.0
scab 0.010614048000000001 752.0 845.0 798.0 920.0
scab 0.010545751 827.0 705.0 909.0 866.0
scab 0.0104684215 716.0 657.0 855.0 809.0
rust 0.010308757 1359.0 612.0 1381.0 646.0
rust 0.010149308000000001 959.0 457.0 995.0 507.0
