scab 0.38041672 1046.0 509.0 1133.0 647.0
scab 0.28277957 787.0 802.0 873.0 940.0
scab 0.221919 913.0 622.0 1009.0 784.0
scab 0.18238778 1166.0 536.0 1256.0 697.0
scab 0.16700287 1041.0 1123.0 1128.0 1310.0
scab 0.16591917 1172.0 664.0 1257.0 828.0
scab 0.15355036 504.0 718.0 549.0 798.0
scab 0.14811686 970.0 508.0 1018.0 577.0
scab 0.1382048 738.0 676.0 830.0 810.0
scab 0.13636257 1434.0 266.0 1484.0 351.0
scab 0.13614792 1000.0 842.0 1086.0 983.0
scab 0.12911816 577.0 599.0 651.0 727.0
scab 0.12618266 576.0 668.0 673.0 819.0
scab 0.12037005 611.0 674.0 709.0 813.0
scab 0.11808905 1272.0 929.0 1356.0 1074.0
scab 0.116168134 670.0 811.0 754.0 873.0
scab 0.11586688 739.0 541.0 835.0 685.0
scab 0.1152441 951.0 634.0 1049.0 780.0
scab 0.112633854 1777.0 203.0 1843.0 345.0
scab 0.10850903 997.0 643.0 1092.0 779.0
scab 0.10503062 1159.0 1159.0 1254.0 1342.0
scab 0.10306931 709.0 547.0 796.0 680.0
scab 0.102274664 1091.0 762.0 1178.0 893.0
scab 0.10201938 1178.0 586.0 1230.0 669.0
scab 0.09564532 1052.0 691.0 1101.0 773.0
scab 0.0907323 654.0 666.0 752.0 814.0
scab 0.08819873 1113.0 679.0 1160.0 746.0
scab 0.08423912 991.0 872.0 1076.0 939.0
scab 0.08165891 827.0 544.0 908.0 683.0
scab 0.07952813 437.0 743.0 484.0 819.0
scab 0.07678172 1037.0 643.0 1132.0 780.0
scab 0.071802296 864.0 780.0 911.0 851.0
scab 0.07106553 1202.0 670.0 1251.0 760.0
scab 0.07067929 1181.0 744.0 1226.0 812.0
scab 0.07016905400000001 785.0 537.0 882.0 682.0
scab 0.068063185 872.0 851.0 952.0 985.0
scab 0.06779632 349.0 437.0 395.0 515.0
scab 0.06766471 874.0 632.0 968.0 780.0
scab 0.06561189999999999 1673.0 342.0 1724.0 411.0
scab 0.059219368 1132.0 1126.0 1227.0 1314.0
scab 0.059027802000000004 627.0 714.0 676.0 798.0
scab 0.057635545999999996 959.0 465.0 1038.0 608.0
scab 0.05724785 801.0 840.0 849.0 924.0
scab 0.05607062 1311.0 1087.0 1359.0 1160.0
scab 0.05606814 582.0 605.0 631.0 690.0
scab 0.054613765 986.0 940.0 1032.0 1004.0
scab 0.05200434 1293.0 1058.0 1376.0 1202.0
scab 0.04982915 399.0 408.0 485.0 561.0
scab 0.049454838 488.0 683.0 573.0 825.0
scab 0.04857839 568.0 729.0 611.0 793.0
scab 0.046331115 1367.0 293.0 1415.0 375.0
scab 0.045314793 1304.0 267.0 1354.0 345.0
scab 0.0442326 698.0 635.0 792.0 790.0
scab 0.04382579 928.0 608.0 970.0 695.0
scab 0.04380202 1440.0 390.0 1487.0 453.0
scab 0.04348949 1127.0 1043.0 1212.0 1215.0
scab 0.043267883 1119.0 750.0 1215.0 898.0
scab 0.042518012 759.0 709.0 806.0 801.0
scab 0.041714165 1055.0 527.0 1105.0 606.0
scab 0.039529663 364.0 410.0 455.0 555.0
scab 0.039088853 1164.0 1106.0 1205.0 1180.0
scab 0.03907193 833.0 636.0 921.0 778.0
scab 0.03749389 886.0 681.0 929.0 752.0
scab 0.037342586000000004 1128.0 490.0 1220.0 673.0
scab 0.035794374 802.0 567.0 847.0 640.0
scab 0.035172507 755.0 613.0 798.0 693.0
scab 0.03462694 574.0 413.0 661.0 576.0
scab 0.032251254 804.0 688.0 841.0 750.0
scab 0.031958025 1905.0 218.0 1952.0 306.0
scab 0.031630352 711.0 700.0 757.0 774.0
scab 0.030516462 925.0 997.0 972.0 1070.0
scab 0.029610248 663.0 764.0 743.0 904.0
scab 0.029483462000000002 1010.0 502.0 1099.0 644.0
scab 0.029280212000000003 883.0 883.0 933.0 975.0
scab 0.029233198999999998 913.0 704.0 996.0 866.0
scab 0.027984194 1871.0 183.0 1938.0 364.0
scab 0.027900368 815.0 829.0 860.0 906.0
scab 0.027826157999999997 1137.0 787.0 1178.0 854.0
scab 0.0276406 1061.0 1165.0 1105.0 1239.0
scab 0.026592353 583.0 728.0 629.0 791.0
scab 0.025606386000000002 1036.0 1203.0 1127.0 1365.0
scab 0.025041012 1338.0 866.0 1382.0 951.0
scab 0.02454371 754.0 562.0 799.0 652.0
scab 0.024470769 1796.0 205.0 1843.0 294.0
scab 0.024037588 1315.0 260.0 1385.0 375.0
scab 0.023879955 944.0 759.0 988.0 839.0
scab 0.023168411 1079.0 643.0 1163.0 772.0
scab 0.022747131 733.0 556.0 783.0 623.0
scab 0.021967617999999998 156.0 466.0 205.0 543.0
scab 0.02188816 695.0 691.0 742.0 780.0
scab 0.02173989 1854.0 273.0 1924.0 439.0
scab 0.021541854 1294.0 949.0 1341.0 1037.0
scab 0.021518586 623.0 369.0 705.0 537.0
scab 0.021223241 908.0 499.0 952.0 583.0
scab 0.021080326 1734.0 1192.0 1784.0 1266.0
scab 0.021073492000000003 960.0 929.0 1046.0 1070.0
scab 0.02081625 712.0 567.0 759.0 642.0
scab 0.020046836000000002 979.0 523.0 1010.0 568.0
scab 0.020034299999999998 865.0 693.0 910.0 775.0
scab 0.02003384 407.0 717.0 488.0 856.0
scab 0.019309576999999998 1265.0 1059.0 1307.0 1131.0
rust 0.019271293999999998 156.0 466.0 205.0 543.0
scab 0.018686896 1897.0 154.0 1966.0 319.0
scab 0.018645996 682.0 823.0 711.0 867.0
scab 0.017989406 1419.0 402.0 1501.0 463.0
scab 0.017144639 1095.0 1039.0 1245.0 1318.0
scab 0.016776871000000002 814.0 793.0 915.0 957.0
scab 0.016756353999999998 1737.0 164.0 1891.0 395.0
scab 0.01671299 698.0 571.0 740.0 645.0
scab 0.01656593 879.0 462.0 955.0 604.0
scab 0.016558424 495.0 499.0 572.0 648.0
rust 0.016269023 641.0 905.0 666.0 942.0
scab 0.01610027 971.0 677.0 1015.0 757.0
scab 0.016032608 1123.0 693.0 1151.0 738.0
scab 0.015970996 1566.0 563.0 1632.0 739.0
scab 0.015729265 1165.0 1086.0 1258.0 1270.0
scab 0.015604937 818.0 568.0 865.0 644.0
scab 0.015487827 1346.0 261.0 1415.0 387.0
scab 0.015340208000000001 1692.0 1170.0 1776.0 1344.0
scab 0.015253652 1259.0 998.0 1346.0 1186.0
scab 0.015090758000000001 526.0 676.0 624.0 825.0
rust 0.015009469 1481.0 457.0 1525.0 543.0
scab 0.015004746000000001 746.0 763.0 836.0 905.0
scab 0.014855700000000001 781.0 678.0 875.0 805.0
scab 0.014855243999999998 967.0 849.0 1056.0 987.0
scab 0.014596379 872.0 795.0 901.0 840.0
scab 0.014573599 918.0 467.0 1006.0 603.0
scab 0.014568148000000001 1034.0 852.0 1081.0 927.0
scab 0.014298472 1033.0 547.0 1119.0 620.0
scab 0.014179937 1085.0 535.0 1168.0 682.0
scab 0.01403854 586.0 660.0 629.0 725.0
scab 0.013954447 904.0 681.0 951.0 752.0
scab 0.013945625 1813.0 200.0 1976.0 442.0
scab 0.01366608 607.0 720.0 657.0 794.0
scab 0.013625553 1073.0 1143.0 1118.0 1230.0
scab 0.01344851 996.0 921.0 1086.0 1080.0
scab 0.013234693999999998 733.0 707.0 821.0 775.0
scab 0.013093575 1180.0 1187.0 1228.0 1269.0
scab 0.013000033999999999 1292.0 843.0 1379.0 1092.0
scab 0.01296279 1188.0 757.0 1218.0 801.0
scab 0.012771973 1110.0 691.0 1138.0 738.0
scab 0.012765908999999999 1566.0 401.0 1613.0 469.0
scab 0.012714571000000001 699.0 822.0 728.0 867.0
scab 0.012689863000000001 927.0 692.0 971.0 774.0
scab 0.012499366000000001 1053.0 850.0 1097.0 921.0
scab 0.012385826 1119.0 798.0 1164.0 880.0
scab 0.012370313 1090.0 1050.0 1177.0 1217.0
scab 0.012040232 780.0 704.0 858.0 765.0
scab 0.011978203 1029.0 1103.0 1218.0 1335.0
scab 0.011719402 590.0 854.0 630.0 920.0
